Tue Oct 18 17:04:22 CST 2016
--- Simulation sequence:1 ---
#node_id rate rate_without_head
       0 241.389 198.06
       1 239.082 196.168
       2 566.389 394.004
       3 43.3717 0
       4 42.9592 0


--- Simulation sequence:2 ---
#node_id rate rate_without_head
       0 110.571 90.7221
       1 105.123 86.252
       2 226.998 176.294
       3 227.05 176.334
       4 6.31196 0
       5 6.03535 0


--- Simulation sequence:3 ---
#node_id rate rate_without_head
       0 78.8085 64.6609
       1 124.958 102.527
       2 237.283 167.341
       3 237.261 167.315
       4 237.224 167.275
       5 13.4674 0
       6 20.0074 0


--- Simulation sequence:4 ---
#node_id rate rate_without_head
       0 93.7963 76.9586
       1 98.7223 81.0004
       2 226.615 158.073
       3 226.635 158.091
       4 226.541 157.996
       5 226.457 157.911
       6 16.2364 0
       7 17.7887 0


--- Simulation sequence:5 ---
#node_id rate rate_without_head
       0 108.781 89.2533
       1 75.2228 61.7188
       2 213.437 148.978
       3 213.438 148.979
       4 213.371 148.912
       5 213.318 148.843
       6 213.29 148.811
       7 19.4188 0
       8 13.0098 0


--- Simulation sequence:6 ---
#node_id rate rate_without_head
       0 112.635 92.4164
       1 61.5487 50.4958
       2 196.148 136.342
       3 196.173 136.357
       4 196.124 136.317
       5 196.066 136.25
       6 196.018 136.21
       7 196.021 136.212
       8 20.3405 0
       9 11.1427 0


--- Simulation sequence:7 ---
#node_id rate rate_without_head
       0 119.395 97.9626
       1 47.577 39.0317
       2 188.548 131.206
       3 188.599 131.25
       4 188.622 131.278
       5 188.545 131.197
       6 188.461 131.116
       7 188.462 131.117
       8 188.451 131.105
       9 21.3278 0
      10 8.66627 0


--- Simulation sequence:8 ---
#node_id rate rate_without_head
       0 51.1134 41.9366
       1 109.308 89.6834
       2 184.658 128.347
       3 184.623 128.321
       4 184.55 128.253
       5 184.527 128.233
       6 184.471 128.177
       7 184.421 128.128
       8 184.406 128.113
       9 184.364 128.072
      10 9.25982 0
      11 19.7627 0


--- Simulation sequence:9 ---
#node_id rate rate_without_head
       0 69.5451 57.0602
       1 84.5551 69.376
       2 179.734 124.876
       3 179.728 124.87
       4 179.676 124.827
       5 179.644 124.799
       6 179.61 124.769
       7 179.545 124.703
       8 179.56 124.717
       9 179.493 124.65
      10 179.437 124.594
      11 12.6353 0
      12 15.3389 0


--- Simulation sequence:10 ---
#node_id rate rate_without_head
       0 114.613 94.0385
       1 44.782 36.7388
       2 176.016 122.266
       3 175.979 122.231
       4 175.955 122.205
       5 175.964 122.216
       6 175.935 122.187
       7 175.941 122.191
       8 175.942 122.192
       9 175.915 122.163
      10 175.899 122.148
      11 175.868 122.115
      12 20.7558 0
      13 8.14378 0


--- Simulation sequence:11 ---
#node_id rate rate_without_head
       0 65.0709 53.389
       1 86.3337 70.8329
       2 174.974 121.577
       3 174.964 121.564
       4 174.887 121.51
       5 174.738 121.36
       6 174.677 121.32
       7 174.651 121.294
       8 174.652 121.295
       9 174.626 121.268
      10 174.627 121.269
      11 174.602 121.243
      12 174.563 121.203
      13 11.8021 0
      14 15.6136 0


--- Simulation sequence:12 ---
#node_id rate rate_without_head
       0 65.3064 53.5822
       1 71.418 58.5944
       2 157.282 109.242
       3 157.211 109.175
       4 157.137 109.121
       5 157.018 108.998
       6 156.942 108.942
       7 156.944 108.941
       8 156.946 108.944
       9 156.921 108.918
      10 156.908 108.905
      11 156.91 108.906
      12 156.87 108.866
      13 156.845 108.84
      14 11.8534 0
      15 12.9418 0


--- Simulation sequence:13 ---
#node_id rate rate_without_head
       0 75.8049 62.1964
       1 73.472 60.2791
       2 164.97 114.568
       3 164.883 114.497
       4 164.65 114.304
       5 164.51 114.179
       6 164.476 114.149
       7 164.477 114.15
       8 164.468 114.141
       9 164.469 114.142
      10 164.47 114.143
      11 164.444 114.117
      12 164.446 114.117
      13 164.433 114.105
      14 164.422 114.093
      15 13.7263 0
      16 13.286 0


--- Simulation sequence:14 ---
#node_id rate rate_without_head
       0 62.0656 50.9199
       1 76.4077 62.691
       2 154.187 107.237
       3 153.941 107.031
       4 153.716 106.838
       5 153.585 106.728
       6 153.559 106.701
       7 153.518 106.66
       8 153.542 106.675
       9 153.55 106.676
      10 152.61 105.902
      11 152.609 105.889
      12 152.612 105.904
      13 152.586 105.877
      14 152.574 105.864
      15 152.572 105.865
      16 11.0664 0
      17 13.8114 0


--- Simulation sequence:15 ---
#node_id rate rate_without_head
       0 73.409 60.2306
       1 72.5025 59.483
       2 152.007 105.84
       3 151.756 105.622
       4 151.427 105.349
       5 151.22 105.172
       6 151.052 105.036
       7 150.922 104.927
       8 150.93 104.937
       9 150.91 104.91
      10 151.024 105.02
      11 150.453 104.542
      12 150.425 104.502
      13 150.4 104.486
      14 150.408 104.494
      15 150.382 104.467
      16 150.37 104.455
      17 13.1891 0
      18 12.7351 0


