2016年 05月 31日 星期二 19:15:59 CST
--- Simulation sequence:2 ---
#node_id rate rate_without_head
       0 249.112 204.397
       1 253.826 208.265
       2 44.7149 0
       3 45.5611 0


--- Simulation sequence:3 ---
#node_id rate rate_without_head
       0 104.842 86.0215
       1 209.282 156.273
       2 -0 -0
       3 224.66 156.275
       4 18.8196 0
       5 139.029 86.0177


--- Simulation sequence:4 ---
#node_id rate rate_without_head
       0 90.5911 74.3286
       1 90.6019 74.3376
       2 105.469 74.3258
       3 105.53 74.3334
       4 105.498 74.3268
       5 105.549 74.3345
       6 14.9091 0
       7 14.951 0


--- Simulation sequence:5 ---
#node_id rate rate_without_head
       0 138.28 102.982
       1 77.9634 63.9675
       2 144.718 101.929
       3 -0 -0
       4 144.703 101.916
       5 -0 -0
       6 144.702 101.913
       7 -0 -0
       8 97.4738 61.8218
       9 13.5289 0


--- Simulation sequence:6 ---
#node_id rate rate_without_head
       0 46.6412 38.2673
       1 68.7835 56.4353
       2 132.446 93.0767
       3 80.3868 56.4065
       4 132.261 92.9127
       5 -0 -0
       6 132.269 92.9222
       7 -0 -0
       8 132.309 92.9066
       9 -0 -0
      10 87.1498 54.8792
      11 12.2583 0


--- Simulation sequence:7 ---
#node_id rate rate_without_head
       0 119.458 90.5769
       1 56.1374 46.059
       2 127.602 89.5322
       3 -0 -0
       4 127.477 89.4285
       5 -0 -0
       6 127.25 89.2392
       7 -0 -0
       8 127.826 89.2208
       9 -0 -0
      10 127.947 89.2196
      11 -0 -0
      12 71.8193 43.0187
      13 9.48215 0


--- Simulation sequence:8 ---
#node_id rate rate_without_head
       0 59.7748 49.0375
       1 113.966 87.4651
       2 66.2315 47.347
       3 121.409 86.5668
       4 65.8227 47.0122
       5 63.2246 44.8578
       6 65.6381 46.8486
       7 63.0663 44.7266
       8 66.2854 46.8445
       9 63.5066 44.6941
      10 67.1015 46.8414
      11 64.0536 44.7095
      12 67.2451 46.8421
      13 64.1567 44.7101
      14 10.2399 0
      15 9.76546 0


--- Simulation sequence:9 ---
#node_id rate rate_without_head
       0 47.4039 38.893
       1 59.5664 48.87
       2 121.735 85.4211
       3 69.483 48.7853
       4 121.211 84.9904
       5 -0 -0
       6 121.065 84.8699
       7 -0 -0
       8 121.007 84.7916
       9 -0 -0
      10 121.573 84.7621
      11 -0 -0
      12 121.674 84.7615
      13 -0 -0
      14 121.775 84.7653
      15 -0 -0
      16 75.7493 46.9265
      17 10.4908 0


--- Simulation sequence:10 ---
#node_id rate rate_without_head
       0 114.984 87.0753
       1 55.8292 45.801
       2 122.257 85.8556
       3 165.05 0
       4 121.68 85.379
       5 27.0262 0
       6 121.131 84.9279
       7 37.7706 0
       8 121.235 84.6961
       9 37.7785 0
      10 121.249 84.6644
      11 189.349 0
      12 121.336 84.6414
      13 151.096 0
      14 121.492 84.6538
      15 151.075 0
      16 121.566 84.655
      17 151.203 0
      18 70.0806 42.3363
      19 9.46795 0


--- Simulation sequence:11 ---
#node_id rate rate_without_head
       0 45.7858 37.5622
       1 64.4848 52.9081
       2 52.1916 37.0025
       3 74.2754 52.3924
       4 50.3949 35.5256
       5 72.7326 51.1187
       6 49.9682 35.172
       7 72.2693 50.7337
       8 49.6942 34.9033
       9 71.9872 50.4729
      10 49.7415 34.8605
      11 115.965 81.097
      12 -0 -0
      13 116.237 81.1088
      14 -0 -0
      15 116.245 81.0789
      16 -0 -0
      17 116.288 81.0651
      18 -0 -0
      19 116.494 81.0685
      20 7.62912 0
      21 55.1908 30.7287


--- Simulation sequence:12 ---
#node_id rate rate_without_head
       0 68.4983 56.1693
       1 114.787 84.9196
       2 0.167878 0
       3 119.66 84.0698
       4 -0 -0
       5 119.047 83.5659
       6 -0 -0
       7 118.72 83.2968
       8 -0 -0
       9 118.872 83.0438
      10 -0 -0
      11 118.772 82.9199
      12 0.220513 0
      13 118.68 82.8102
      14 0.188283 0
      15 118.766 82.8057
      16 0.181997 0
      17 118.833 82.7727
      18 0.177519 0
      19 118.915 82.7879
      20 0.1746 0
      21 118.966 82.7754
      22 11.8622 0
      23 83.9605 54.0061


--- Simulation sequence:13 ---
#node_id rate rate_without_head
       0 43.7791 35.9163
       1 93.0866 70.9668
       2 -0 -0
       3 97.4908 69.3506
       4 -0 -0
       5 96.1225 68.2277
       6 -0 -0
       7 94.6706 67.0362
       8 47.7 33.5191
       9 94.6629 66.791
      10 47.5855 33.4245
      11 94.2369 66.3925
      12 47.5793 33.3564
      13 94.3266 66.3027
      14 47.58 33.3569
      15 47.7965 33.6319
      16 47.6919 33.3559
      17 94.8077 66.2598
      18 -0 -0
      19 94.994 66.2726
      20 -0 -0
      21 95.1066 66.2717
      22 -0 -0
      23 95.1322 66.2707
      24 7.30079 0
      25 54.3094 32.662


--- Simulation sequence:14 ---
#node_id rate rate_without_head
       0 62.0922 50.945
       1 42.8871 35.1869
       2 71.7544 50.6152
       3 48.814 34.6793
       4 71.2134 50.1699
       5 48.3976 34.3354
       6 70.9148 49.9225
       7 48.0628 34.0607
       8 70.8787 49.8557
       9 47.9378 33.9133
      10 70.7128 49.663
      11 47.8512 33.7592
      12 70.6383 49.5382
      13 47.7719 33.6373
      14 70.663 49.4823
      15 47.7773 33.568
      16 70.7276 49.4543
      17 47.7974 33.5195
      18 70.7742 49.4261
      19 47.7698 33.4377
      20 70.8464 49.4159
      21 47.8644 33.4388
      22 70.9153 49.4117
      23 47.9327 33.4384
      24 70.9593 49.411
      25 47.9837 33.4363
      26 10.8122 0
      27 7.3173 0


--- Simulation sequence:15 ---
#node_id rate rate_without_head
       0 94.9858 73.4151
       1 97.3958 73.2938
       2 52.1399 37.1695
       3 101.166 71.8575
       4 -0 -0
       5 101.159 71.8174
       6 -0 -0
       7 101.052 71.724
       8 51.4675 36.2308
       9 101.554 71.6682
      10 51.3648 36.1464
      11 60.2522 42.3985
      12 51.371 36.13
      13 60.2713 42.3701
      14 51.3562 36.0627
      15 60.1689 42.2342
      16 51.2311 35.8591
      17 59.9422 41.9347
      18 51.2258 35.8374
      19 59.9479 41.9198
      20 51.0133 35.6171
      21 59.0713 41.1786
      22 51.0515 35.6177
      23 100.289 69.8498
      24 -0 -0
      25 100.348 69.8488
      26 59.1636 41.1677
      27 100.379 69.8623
      28 8.98757 0
      29 7.78848 0


--- Simulation sequence:16 ---
#node_id rate rate_without_head
       0 102.245 78.217
       1 102.27 77.6572
       2 65.1668 46.4214
       3 108.006 76.6301
       4 -0 -0
       5 108.006 76.545
       6 -0 -0
       7 107.9 76.4502
       8 -0 -0
       9 108.532 76.3142
      10 -0 -0
      11 108.875 76.2209
      12 -0 -0
      13 108.829 76.1432
      14 -0 -0
      15 108.795 76.0483
      16 -0 -0
      17 108.734 75.9454
      18 -0 -0
      19 108.704 75.8642
      20 -0 -0
      21 108.363 75.55
      22 -0 -0
      23 108.401 75.5511
      24 -0 -0
      25 108.411 75.5498
      26 55.473 38.6483
      27 108.448 75.5544
      28 55.4737 38.6488
      29 65.773 45.7991
      30 8.45455 0
      31 10.0187 0


--- Simulation sequence:17 ---
#node_id rate rate_without_head
       0 59.3333 48.6782
       1 45.6122 37.4229
       2 68.4873 48.0791
       3 52.2856 36.7919
       4 68.449 48.0477
       5 113.334 79.613
       6 -0 -0
       7 113.172 79.4687
       8 -0 -0
       9 113.009 79.3305
      10 -0 -0
      11 112.872 79.1915
      12 -0 -0
      13 113.117 79.0533
      14 -0 -0
      15 113.112 78.9848
      16 -0 -0
      17 113.112 78.9161
      18 -0 -0
      19 113.117 78.8737
      20 -0 -0
      21 113.104 78.8417
      22 -0 -0
      23 113.029 78.754
      24 -0 -0
      25 113.061 78.7573
      26 -0 -0
      27 113.101 78.756
      28 -0 -0
      29 113.129 78.7549
      30 -0 -0
      31 113.155 78.7523
      32 10.3939 0
      33 69.0215 42.5027


--- Simulation sequence:18 ---
#node_id rate rate_without_head
       0 101.87 77.1121
       1 99.6956 76.878
       2 60.2162 42.8895
       3 45.7241 32.5987
       4 60.2135 42.8857
       5 105.466 75.1076
       6 -0 -0
       7 105.432 75.0442
       8 -0 -0
       9 106.273 75.0157
      10 -0 -0
      11 106.298 74.9873
      12 -0 -0
      13 106.726 74.9724
      14 -0 -0
      15 106.743 74.926
      16 -0 -0
      17 106.622 74.7999
      18 -0 -0
      19 106.618 74.7698
      20 -0 -0
      21 106.406 74.5746
      22 -0 -0
      23 106.397 74.5493
      24 -0 -0
      25 106.358 74.5033
      26 45.7564 32.1102
      27 106.309 74.4466
      28 45.7555 32.1075
      29 61.7944 43.1982
      30 45.8396 32.1055
      31 61.8425 43.1976
      32 45.8922 32.1045
      33 61.8784 43.197
      34 7.02298 0
      35 9.45084 0


--- Simulation sequence:19 ---
#node_id rate rate_without_head
       0 57.213 46.9416
       1 109.508 82.1565
       2 -0 -0
       3 115.91 81.5721
       4 -0 -0
       5 115.568 81.2924
       6 -0 -0
       7 115.283 81.0563
       8 -0 -0
       9 115.415 80.9003
      10 -0 -0
      11 115.189 80.6821
      12 -0 -0
      13 115.131 80.5708
      14 -0 -0
      15 115.092 80.4874
      16 -0 -0
      17 114.979 80.3355
      18 -0 -0
      19 115.02 80.3166
      20 -0 -0
      21 114.998 80.2597
      22 -0 -0
      23 115.014 80.2437
      24 -0 -0
      25 115.004 80.2007
      26 -0 -0
      27 115.002 80.1618
      28 -0 -0
      29 115.01 80.1405
      30 -0 -0
      31 115.03 80.1254
      32 -0 -0
      33 115.067 80.1238
      34 -0 -0
      35 115.095 80.1227
      36 9.94839 0
      37 72.8968 45.4491


--- Simulation sequence:20 ---
#node_id rate rate_without_head
       0 55.3086 45.379
       1 108.941 81.886
       2 -0 -0
       3 115.86 81.4602
       4 -0 -0
       5 115.474 81.1436
       6 -0 -0
       7 115.089 80.8277
       8 -0 -0
       9 115.098 80.6228
      10 -0 -0
      11 114.927 80.4731
      12 -0 -0
      13 114.822 80.3646
      14 -0 -0
      15 114.679 80.2149
      16 -0 -0
      17 114.617 80.1219
      18 -0 -0
      19 114.605 80.0717
      20 -0 -0
      21 114.499 79.9454
      22 -0 -0
      23 114.45 79.8758
      24 -0 -0
      25 114.453 79.8347
      26 -0 -0
      27 114.438 79.778
      28 -0 -0
      29 114.456 79.7653
      30 -0 -0
      31 114.468 79.7527
      32 -0 -0
      33 114.485 79.7401
      34 -0 -0
      35 114.503 79.7275
      36 -0 -0
      37 114.557 79.7338
      38 9.60581 0
      39 70.8564 43.8371


