2016年 06月 05日 星期日 16:03:53 CST
--- Simulation sequence:2 ---
#node_id rate rate_without_head
       0 289.008 237.132
       1 284.445 233.388
       2 51.8743 0
       3 51.0522 0


--- Simulation sequence:3 ---
#node_id rate rate_without_head
       0 136.143 111.705
       1 137.726 113.003
       2 160.549 111.688
       3 162.429 112.996
       4 24.4297 0
       5 24.7157 0


--- Simulation sequence:4 ---
#node_id rate rate_without_head
       0 176.137 144.521
       1 -0 -0
       2 207.681 144.48
       3 -0 -0
       4 207.664 144.466
       5 -0 -0
       6 31.5988 0
       7 -0 -0


--- Simulation sequence:5 ---
#node_id rate rate_without_head
       0 108.847 85.0777
       1 34.4552 28.256
       2 120.266 84.9394
       3 120.168 84.855
       4 -0 -0
       5 120.166 84.8531
       6 -0 -0
       7 120.161 84.8246
       8 12.6158 0
       9 87.6856 57.6497


--- Simulation sequence:6 ---
#node_id rate rate_without_head
       0 19.5786 16.062
       1 99.9313 81.9924
       2 22.8092 16.007
       3 137.25 95.8268
       4 4.15585 2.92946
       5 139.422 97.3395
       6 0.134362 0.101167
       7 139.41 97.3187
       8 4.28341 2.98287
       9 139.422 97.3105
      10 3.47283 0
      11 37.6043 13.7997


--- Simulation sequence:7 ---
#node_id rate rate_without_head
       0 31.083 25.5015
       1 62.2874 51.1027
       2 96.2521 67.9302
       3 107.125 75.4538
       4 102.322 72.4145
       5 106.869 75.2279
       6 0.32837 0.261606
       7 106.842 75.19
       8 35.5777 24.7688
       9 106.872 75.1755
      10 35.5479 24.7268
      11 72.6489 50.8721
      12 5.45814 0
      13 11.2814 0.123341


--- Simulation sequence:8 ---
#node_id rate rate_without_head
       0 109.973 79.6854
       1 77.3134 63.4341
       2 113.127 79.2787
       3 43.6777 30.5993
       4 109.157 76.4134
       5 43.5653 30.5029
       6 109.108 76.3741
       7 43.5007 30.4543
       8 112.689 78.5401
       9 43.552 30.3989
      10 112.823 78.5505
      11 0.37244 0.266461
      12 112.84 78.5516
      13 0.305075 0.193795
      14 91.7479 61.2032
      15 13.5587 0.0276083


--- Simulation sequence:9 ---
#node_id rate rate_without_head
       0 112.803 84.2962
       1 59.8883 49.1367
       2 118.115 83.583
       3 -0 -0
       4 117.736 83.2714
       5 -0 -0
       6 117.639 83.1912
       7 -0 -0
       8 117.728 83.024
       9 6.37917 0
      10 111.345 82.907
      11 6.38223 0
      12 111.377 82.9044
      13 6.76696 0
      14 111.385 82.9056
      15 7.05088 0
      16 75.8383 47.3405
      17 17.6716 0


--- Simulation sequence:10 ---
#node_id rate rate_without_head
       0 86.6198 71.0702
       1 4.82719 3.95766
       2 101.298 71.0419
       3 103.663 72.4968
       4 940.585 771.762
       5 103.716 72.5359
       6 -0 -0
       7 103.64 72.4684
       8 99.6274 69.475
       9 103.655 72.4746
      10 99.6319 69.4761
      11 5.4073 3.79856
      12 99.6544 69.4771
      13 5.42998 3.79849
      14 99.6649 69.4781
      15 5.44716 3.79724
      16 99.8572 69.4659
      17 5.48659 3.79828
      18 15.2019 0
      19 0.853654 0


--- Simulation sequence:11 ---
#node_id rate rate_without_head
       0 53.7492 44.0995
       1 108.666 81.7922
       2 -0 -0
       3 115.978 81.1081
       4 -0 -0
       5 115.562 80.7667
       6 -0 -0
       7 115.417 80.6464
       8 -0 -0
       9 115.488 80.5332
      10 -0 -0
      11 115.475 80.4974
      12 -0 -0
      13 115.549 80.5237
      14 -0 -0
      15 115.553 80.464
      16 -0 -0
      17 115.609 80.4526
      18 -0 -0
      19 115.617 80.4316
      20 9.34583 0
      21 69.1232 42.2706


--- Simulation sequence:12 ---
#node_id rate rate_without_head
       0 94.3017 72.9745
       1 36.8628 30.2439
       2 102.611 72.5455
       3 102.441 72.3273
       4 -0 -0
       5 102.439 72.3299
       6 3.5138 2.52528
       7 102.366 72.2665
       8 62.3739 43.5616
       9 101.745 71.6761
      10 62.3705 43.5467
      11 51.6036 36.2827
      12 62.3889 43.5345
      13 51.796 36.2733
      14 62.4244 43.5237
      15 46.3717 32.3888
      16 62.5366 43.5058
      17 46.5439 32.3926
      18 62.563 43.5221
      19 46.5839 32.4133
      20 62.553 43.5068
      21 46.5941 32.4133
      22 10.1277 0.493469
      23 6.42293 0


--- Simulation sequence:13 ---
#node_id rate rate_without_head
       0 97.9277 73.8658
       1 52.3104 42.668
       2 102.167 72.0551
       3 74.2998 52.2652
       4 101.336 71.3727
       5 74.134 52.1486
       6 100.88 70.9953
       7 47.3741 33.2608
       8 55.7496 39.2079
       9 47.357 33.2301
      10 100.779 70.6472
      11 47.3879 33.2305
      12 100.977 70.5536
      13 70.5302 49.2006
      14 101.101 70.5312
      15 70.6658 49.2269
      16 101.102 70.5151
      17 71.1324 49.4151
      18 101.155 70.4707
      19 47.6275 33.189
      20 56.0902 39.0402
      21 47.6151 33.1782
      22 56.1091 39.0407
      23 47.6492 33.1767
      24 63.3197 39.0401
      25 55.8249 32.9126


--- Simulation sequence:14 ---
#node_id rate rate_without_head
       0 67.4406 55.3334
       1 23.4003 19.1953
       2 102.956 72.4394
       3 102.92 72.3039
       4 30.3559 21.4337
       5 81.7559 57.2862
       6 30.2254 21.3182
       7 81.7002 57.2407
       8 101.536 71.0258
       9 81.6375 57.1816
      10 102.71 71.7073
      11 40.1843 28.4851
      12 102.71 71.6755
      13 -0 -0
      14 102.698 71.6507
      15 -0 -0
      16 102.846 71.6615
      17 -0 -0
      18 102.789 71.6037
      19 63.1076 44.0145
      20 82.1275 57.172
      21 63.104 44.0068
      22 82.1276 57.1566
      23 63.138 44.0098
      24 82.1391 57.1558
      25 30.3435 21.1456
      26 13.3936 0.728284
      27 4.0965 0


--- Simulation sequence:15 ---
#node_id rate rate_without_head
       0 100.378 76.4886
       1 46.4515 38.1116
       2 106.677 75.4868
       3 53.3047 37.5576
       4 51.8834 36.702
       5 53.1032 37.3924
       6 51.72 36.5654
       7 52.9748 37.2822
       8 105.185 73.7855
       9 53.0903 37.2811
      10 105.685 73.7598
      11 -0 -0
      12 105.659 73.7107
      13 -0 -0
      14 105.628 73.6532
      15 -0 -0
      16 105.732 73.6175
      17 -0 -0
      18 105.747 73.6088
      19 -0 -0
      20 105.689 73.5481
      21 -0 -0
      22 105.695 73.5391
      23 -0 -0
      24 105.698 73.5375
      25 -0 -0
      26 105.715 73.5386
      27 52.2764 36.362
      28 8.13439 0
      29 7.95731 0


--- Simulation sequence:16 ---
#node_id rate rate_without_head
       0 103.107 76.168
       1 62.4726 51.2571
       2 107.796 75.9144
       3 -0 -0
       4 107.649 75.7937
       5 -0 -0
       6 106.859 75.1419
       7 -0 -0
       8 106.824 75.0345
       9 -0 -0
      10 106.249 74.5509
      11 -0 -0
      12 106.021 74.3543
      13 51.3952 36.0763
      14 70.9805 49.6948
      15 51.3267 36.0193
      16 106.087 74.1394
      17 51.3822 36.021
      18 106.321 74.1231
      19 -0 -0
      20 106.431 74.1117
      21 -0 -0
      22 106.41 74.0827
      23 -0 -0
      24 106.506 74.0888
      25 -0 -0
      26 106.522 74.0899
      27 -0 -0
      28 106.511 74.0778
      29 -0 -0
      30 76.7635 49.6743
      31 10.8694 0


--- Simulation sequence:17 ---
#node_id rate rate_without_head
       0 85.8145 65.9603
       1 42.7641 35.086
       2 92.5506 65.2739
       3 77.9899 55.1889
       4 101.445 72.4901
       5 77.791 55.0082
       6 102.95 72.4956
       7 6.67118 0
       8 103.083 72.4133
       9 -0 -0
      10 103.376 72.406
      11 -0 -0
      12 103.77 72.3779
      13 -0 -0
      14 103.784 72.3459
      15 -0 -0
      16 103.744 72.2905
      17 -0 -0
      18 103.767 72.2795
      19 -0 -0
      20 103.534 72.0865
      21 -0 -0
      22 103.542 72.0791
      23 -0 -0
      24 103.553 72.0827
      25 -0 -0
      26 103.533 72.0628
      27 52.3458 36.4377
      28 78.6996 54.7675
      29 48.5095 33.7666
      30 65.6717 45.6921
      31 48.5103 33.7672
      32 9.9989 0
      33 7.37768 0


--- Simulation sequence:18 ---
#node_id rate rate_without_head
       0 108.155 80.2015
       1 60.7695 49.8597
       2 113.964 79.6922
       3 -0 -0
       4 113.721 79.4917
       5 -0 -0
       6 113.453 79.27
       7 -0 -0
       8 113.418 79.1728
       9 -0 -0
      10 113.375 79.126
      11 -0 -0
      12 113.377 79.107
      13 -0 -0
      14 113.298 79.0143
      15 -0 -0
      16 113.304 78.9701
      17 -0 -0
      18 113.328 78.9554
      19 -0 -0
      20 113.313 78.9222
      21 -0 -0
      22 113.361 78.9347
      23 -0 -0
      24 113.363 78.9199
      25 -0 -0
      26 113.346 78.8915
      27 -0 -0
      28 113.376 78.9033
      29 -0 -0
      30 113.367 78.8828
      31 -0 -0
      32 113.387 78.8818
      33 -0 -0
      34 76.7152 48.7851
      35 10.6747 0


--- Simulation sequence:19 ---
#node_id rate rate_without_head
       0 49.3626 40.5002
       1 42.6648 35.0041
       2 57.4503 40.4997
       3 98.8745 69.5773
       4 -0 -0
       5 98.8761 69.5763
       6 -0 -0
       7 98.8579 69.5616
       8 98.9069 69.5538
       9 98.8566 69.5606
      10 98.9086 69.5529
      11 -0 -0
      12 98.9239 69.551
      13 -0 -0
      14 98.8553 69.497
      15 -0 -0
      16 99.0031 69.5018
      17 -0 -0
      18 98.7721 69.2952
      19 -0 -0
      20 98.6378 69.183
      21 -0 -0
      22 98.2791 68.8834
      23 -0 -0
      24 98.0011 68.6546
      25 48.5584 34.0373
      26 55.8162 39.0227
      27 48.3906 33.8963
      28 97.5198 68.1298
      29 48.4206 33.8928
      30 97.6557 68.118
      31 -0 -0
      32 97.7293 68.1233
      33 48.5651 33.8792
      34 56.0458 39.0385
      35 48.5659 33.8797
      36 8.5398 0
      37 7.41481 0


--- Simulation sequence:20 ---
#node_id rate rate_without_head
       0 43.6343 35.8
       1 48.2692 39.6027
       2 50.6292 35.7961
       3 97.8606 69.0158
       4 -0 -0
       5 97.8287 68.9894
       6 -0 -0
       7 97.7518 68.9234
       8 50.0338 35.2569
       9 97.081 68.3735
      10 49.9176 35.1614
      11 55.1513 38.7307
      12 49.5626 34.8603
      13 54.8799 38.4831
      14 96.5538 67.6916
      15 54.9196 38.4838
      16 96.7168 67.6652
      17 -0 -0
      18 96.5742 67.5305
      19 54.9788 38.4076
      20 49.6214 34.7154
      21 54.9579 38.3906
      22 49.7491 34.7187
      23 55.003 38.3486
      24 96.7591 67.4171
      25 55.0119 38.345
      26 96.8609 67.4107
      27 -0 -0
      28 96.8771 67.4157
      29 -0 -0
      30 96.8846 67.4167
      31 -0 -0
      32 96.8963 67.4041
      33 -0 -0
      34 96.9007 67.405
      35 -0 -0
      36 96.905 67.4059
      37 -0 -0
      38 54.6048 32.6954
      39 8.39094 0


