#       flow   flowType   src   dst            time         throughput

           0        tcp     0    14         1.21671            56.7016
           0        tcp     0    14         1.41831             162.54
           0        tcp     0    14         1.63961            129.564
           0        tcp     0    14         1.84493            139.646
           0        tcp     0    14         2.05445            136.843
           0        tcp     0    14         2.26833             134.06
           0        tcp     0    14         2.48551            150.876
           0        tcp     0    14         2.68634            142.766
           0        tcp     0    14         2.91055             146.15
           0        tcp     0    14         3.11774            158.155
           0        tcp     0    14         3.33903             148.08
           0        tcp     0    14         3.55973             129.91
           0        tcp     0    14         3.77211            154.296
           0        tcp     0    14         4.64506            9.38426
           0        tcp     0    14         4.97677            98.7832
           0        tcp     0    14         5.18467            137.913
           0        tcp     0    14         5.43519            81.7497
           0        tcp     0    14         5.72837            83.8251
           0        tcp     0    14         5.95399            127.085
           0        tcp     0    14         6.16388             78.057
           0        tcp     0    14         6.38508            111.106
           0        tcp     0    14         6.60293            94.0094
           0        tcp     0    14         6.80772            120.006
           0        tcp     0    14          7.0332            108.991
           0        tcp     0    14         7.24146            137.674
           0        tcp     0    14         7.47492            122.818
           0        tcp     0    14         7.68213            138.371
           0        tcp     0    14         7.89473            134.862
           0        tcp     0    14         8.11041            151.928
           0        tcp     0    14         8.34037            142.494
           0        tcp     0    14         8.55255            154.437
           0        tcp     0    14         9.64968            7.46678
           0        tcp     0    14         9.86204            154.304
           0        tcp     0    14         10.0841            129.135
           0        tcp     0    14         10.2964             57.882
           0        tcp     0    14         10.5567            110.138
           0        tcp     0    14         10.7601            140.927
           0        tcp     0    14         11.0276            76.5663
           0        tcp     0    14         11.2666            137.107
           0        tcp     0    14         11.4771            155.663
           0        tcp     0    14         12.1519            6.07006
           0        tcp     0    14         12.3572            159.639
           0        tcp     0    14         12.5675            116.845
           0        tcp     0    14         12.7868            130.735
           0        tcp     0    14          13.007            148.845
           0        tcp     0    14          13.217            136.522
           0        tcp     0    14         13.4354            150.062
           0        tcp     0    14           13.66            145.849
           0        tcp     0    14         13.8837            146.526
           0        tcp     0    14         14.0966            153.885
           0        tcp     0    14         14.3117            133.306
           0        tcp     0    14         14.5265            152.524
           0        tcp     0    14          14.741            76.3793
           0        tcp     0    14         15.0166            104.052
           0        tcp     0    14         15.2215            139.907
           0        tcp     0    14         15.4351            153.414
           0        tcp     0    14         15.6386            80.5248
           0        tcp     0    14         15.8637            109.154
           0        tcp     0    14         16.0922            71.6938
           0        tcp     0    14         16.3318            119.676
           0        tcp     0    14         16.5546            73.5458
           0        tcp     0    14         16.7648            77.9527
           0        tcp     0    14         16.9752            136.236
           0        tcp     0    14         17.1954             111.63
           0        tcp     0    14         17.4112            132.857
           0        tcp     0    14         17.6447            122.772
           0        tcp     0    14         17.8486            140.652
           0        tcp     0    14         18.0731            127.732
           0        tcp     0    14         18.2784             159.61
           0        tcp     0    14         18.4795            162.884
           0        tcp     0    14         18.7145            139.431
           0        tcp     0    14         18.9147            143.246
           0        tcp     0    14         19.1282            153.494
           0        tcp     0    14         19.3313            141.134
           0        tcp     0    14         19.5345            141.101
           0        tcp     0    14          19.742            157.928
           0        tcp     0    14         20.1453            71.0941
           0        tcp     0    14          20.354             157.05
           0        tcp     0    14         21.1305            21.0982
           0        tcp     0    14         21.3436            153.769
           0        tcp     0    14         21.5713            125.954
           0        tcp     0    14         21.7766            79.7945
           0        tcp     0    14         22.0326            79.9979
           0        tcp     0    14         22.6485            6.65036
           0        tcp     0    14         22.8651            151.295
           0        tcp     0    14         23.0651            61.4279
           0        tcp     0    14         23.2676            101.153
           0        tcp     0    14         23.4947            90.1856
           0        tcp     0    14         23.7117            75.5009
           0        tcp     0    14         23.9543            101.302
           0        tcp     0    14          24.174            111.869
           0        tcp     0    14         24.4074            52.6393
           0        tcp     0    14         24.6295             165.97
           0        tcp     0    14         25.1627            15.3654
           0        tcp     0    14         25.3673            140.135
           0        tcp     0    14         25.6146            115.939
           0        tcp     0    14         25.8261            135.557
           0        tcp     0    14          26.049            73.5095
           0        tcp     0    14         26.2519            80.7266
           0        tcp     0    14         26.4675            95.0033
           0        tcp     0    14         26.6909              146.7
           0        tcp     0    14         26.8951            80.2369
           0        tcp     0    14         27.1135            75.0124
           0        tcp     0    14         27.3289            76.0653
           0        tcp     0    14         27.5692            68.1639
           0        tcp     0    14         27.8448            89.1878
           0        tcp     0    14         28.0599             114.23
           0        tcp     0    14         28.2679            137.847
           0        tcp     0    14         28.4754            138.193
           0        tcp     0    14         28.6838            157.247
           0        tcp     0    14         28.9454            109.604
           0        tcp     0    14         29.1633            131.594
           0        tcp     0    14           30.17            24.4128
           0        tcp     0    14         30.3812            155.135
           0        tcp     0    14         31.6568            19.2662
           0        tcp     0    14         31.8705            153.299
           0        tcp     0    14         32.1011            106.594
           0        tcp     0    14         32.3148            114.973
           0        tcp     0    14          32.547            141.146
           0        tcp     0    14          32.765            112.719
           0        tcp     0    14         32.9833            131.349
           0        tcp     0    14         33.2137            88.8909
           0        tcp     0    14         33.4341            130.112
           0        tcp     0    14         34.1433            17.3273
           0        tcp     0    14         34.3604              169.8
           0        tcp     0    14         34.5767            132.499
           0        tcp     0    14         34.8006             146.36
           0        tcp     0    14         35.0038            141.115
           0        tcp     0    14         35.2126            137.329
           0        tcp     0    14         36.1582            4.33152
           0        tcp     0    14         36.3626            160.353
           0        tcp     0    14         37.1416            15.7735
           0        tcp     0    14         37.3455            140.607
           0        tcp     0    14         37.5922            99.6155
           0        tcp     0    14         37.8439              97.66
           0        tcp     0    14         38.0826            120.091
           0        tcp     0    14         38.3099            108.121
           0        tcp     0    14         38.5228            134.677
           0        tcp     0    14         39.1253            47.5863
           0        tcp     0    14         39.3279            161.763
           0        tcp     0    14         39.5459            112.722
           0        tcp     0    14          39.791            66.8673
           0        tcp     0    14         40.1393            82.3092
           0        tcp     0    14         40.3444            159.765
           0        tcp     0    14         40.5612            37.7809
           0        tcp     0    14         40.7822            148.293
           0        tcp     0    14         41.6535            9.40225
           0        tcp     0    14         41.8552            162.408
           0        tcp     0    14         42.1328            73.7891
           0        tcp     0    14         42.3441            135.659
           0        tcp     0    14         42.5989            96.4541
           0        tcp     0    14         42.9389            96.3899
           0        tcp     0    14         43.1408            81.1451
           0        tcp     0    14         43.3544            95.8715
           0        tcp     0    14         43.5742            55.8988
           0        tcp     0    14         43.7891            76.2621
           0        tcp     0    14         43.9904             142.46
           0        tcp     0    14         44.2732             72.418
           0        tcp     0    14         44.4994            126.709
           0        tcp     0    14         44.7603             109.91
           0        tcp     0    14         45.0036            134.673
           0        tcp     0    14          45.219            133.095
           0        tcp     0    14         45.4414            147.399
           0        tcp     0    14         45.6609            149.234
           0        tcp     0    14         45.8738            153.953
           0        tcp     0    14         46.6449            26.5575
           0        tcp     0    14         46.8788            157.631
           0        tcp     0    14         47.1029            73.1222
           0        tcp     0    14         47.3129            136.487
           0        tcp     0    14          47.534             92.637
           0        tcp     0    14         47.7513            131.938
           0        tcp     0    14         47.9732            147.676
           0        tcp     0    14         48.1835            155.795
           0        tcp     0    14         48.3944            135.972
           0        tcp     0    14         48.6175            128.532
           0        tcp     0    14         49.6625            27.4369
           0        tcp     0    14         49.8676             159.72
           0        tcp     0    14         50.0882            130.003
           0        tcp     0    14           50.33            50.8119
           0        tcp     0    14         50.5307            102.045
           0        tcp     0    14         50.7647            70.0406
           0        tcp     0    14         51.6624            4.56271
           0        tcp     0    14         51.8877            145.411
           0        tcp     0    14         52.1024            133.552
           0        tcp     0    14         52.6474            22.5481
           0        tcp     0    14         52.8661            149.836
           0        tcp     0    14         53.0869            148.376
           0        tcp     0    14         53.6449            7.34103
           0        tcp     0    14         53.8588            134.047
           0        tcp     0    14         54.0781            130.725
           0        tcp     0    14         54.3795             95.134
           0        tcp     0    14         55.1541            31.7281
           0        tcp     0    14         55.4065            146.037
           0        tcp     0    14          55.608            142.257
           0        tcp     0    14         55.8116            40.2488
           0        tcp     0    14         56.0258            95.5946
           0        tcp     0    14         56.2321             79.434
           0        tcp     0    14         56.4599            107.847
           0        tcp     0    14         56.6651             139.77
           0        tcp     0    14          56.876            135.955
           0        tcp     0    14         57.0858            156.158
           0        tcp     0    14          57.286            122.776
           0        tcp     0    14         57.5058            149.048
           0        tcp     0    14         57.7303            146.006
           0        tcp     0    14         57.9435            153.652
           0        tcp     0    14          58.146            161.856
           0        tcp     0    14          58.365            149.635
           0        tcp     0    14         58.5706            159.336
           0        tcp     0    14         58.7875            151.082
           0        tcp     0    14          59.028            136.256
           0        tcp     0    14         59.2328            159.959
           0        tcp     0    14         59.4469            133.961
           0        tcp     0    14         59.6529            159.035
           0        tcp     0    14         59.8703            131.887
           0        tcp     0    14         60.0975            144.265
           0        tcp     0    14         60.3077            155.848
           0        tcp     0    14         60.5198            154.482
           0        tcp     0    14         60.7266            138.683
           0        tcp     0    14         60.9301            140.882
           0        tcp     0    14          61.146            151.769
           0        tcp     0    14          62.137            16.5332
           0        tcp     0    14          62.358            148.233
           0        tcp     0    14         62.5757            75.2657
           0        tcp     0    14         62.7808            139.774
           0        tcp     0    14         63.0194            103.003
           0        tcp     0    14         63.2883            91.4147
           0        tcp     0    14         63.4925            100.258
           0        tcp     0    14         63.7257            70.2834
           0        tcp     0    14         63.9331            118.495
           0        tcp     0    14         64.1418            156.976
           0        tcp     0    14         64.3835            118.646
           0        tcp     0    14         64.5893            159.184
           0        tcp     0    14         64.8024            153.785
           0        tcp     0    14         65.0389            138.571
           0        tcp     0    14         65.2405            142.188
           0        tcp     0    14         65.4589            150.049
           0        tcp     0    14         65.6768            131.579
           0        tcp     0    14         66.6512            4.20344
           0        tcp     0    14          66.856             160.04
           0        tcp     0    14         67.0723             94.662
           0        tcp     0    14          67.275            121.258
           0        tcp     0    14         67.4961            92.6526
           0        tcp     0    14         67.7183            129.027
           0        tcp     0    14         67.9429            109.427
           0        tcp     0    14         68.6519            5.77677
           0        tcp     0    14         68.8768            145.688
           0        tcp     0    14         69.0875            97.1961
           0        tcp     0    14         69.2999            57.8629
           0        tcp     0    14         69.5234            36.6494
           0        tcp     0    14         69.8019            73.5354
           0        tcp     0    14         70.0099            118.185
           0        tcp     0    14          70.234            127.907
           0        tcp     0    14         70.4357            142.201
           0        tcp     0    14         70.6663            124.338
           0        tcp     0    14         70.8666            61.3483
           0        tcp     0    14         71.0726            139.143
           0        tcp     0    14         71.2835            135.936
           0        tcp     0    14          71.497            76.7657
           0        tcp     0    14         71.7201             73.428
           0        tcp     0    14          71.966            83.2708
           0        tcp     0    14         72.1735            138.218
           0        tcp     0    14         72.4036            142.412
           0        tcp     0    14         72.6146            155.258
           0        tcp     0    14         72.8413            126.494
           0        tcp     0    14         73.0594            150.249
           0        tcp     0    14         73.2616             121.54
           0        tcp     0    14         73.4897            125.693
           0        tcp     0    14         73.6974             157.79
           0        tcp     0    14         73.9243            144.381
           0        tcp     0    14         74.1417            150.744
           0        tcp     0    14          74.369            144.184
           0        tcp     0    14         74.5999            141.876
           0        tcp     0    14          74.805            139.801
           0        tcp     0    14         75.0245            149.308
           0        tcp     0    14         75.2439            149.332
           0        tcp     0    14          75.466            147.558
           0        tcp     0    14         75.6764            136.262
           0        tcp     0    14         75.8883            154.661
           0        tcp     0    14         76.1203            158.877
           0        tcp     0    14         77.1476             19.935
           0        tcp     0    14         77.3866            154.246
           0        tcp     0    14         77.5903            100.563
           0        tcp     0    14         77.7934            121.014
           0        tcp     0    14         77.9951            162.451
           0        tcp     0    14         78.1978            121.209
           0        tcp     0    14         78.4077            156.179
           0        tcp     0    14         78.6232             151.99
           0        tcp     0    14         78.8284            159.697
           0        tcp     0    14         79.0396            135.783
           0        tcp     0    14         79.2528            153.718
           0        tcp     0    14         79.4623            136.843
           0        tcp     0    14         79.6715             156.62
           0        tcp     0    14         79.8899            131.296
           0        tcp     0    14         80.1029            153.864
           0        tcp     0    14         80.3079            159.802
           0        tcp     0    14         80.5151             138.37
           0        tcp     0    14         80.7371            147.595
           0        tcp     0    14         80.9615            146.049
           0        tcp     0    14         81.1815             130.33
           0        tcp     0    14         81.3918              155.8
           0        tcp     0    14         81.6085            151.221
           0        tcp     0    14         81.8282            149.179
           0        tcp     0    14         82.0288            142.899
           0        tcp     0    14          82.248            130.778
           0        tcp     0    14         82.4605            154.204
           0        tcp     0    14         82.6718            155.075
           0        tcp     0    14         83.6746            12.2549
           0        tcp     0    14         83.8784             140.63
           0        tcp     0    14         84.0814            60.5551
           0        tcp     0    14         84.2948            134.351
           0        tcp     0    14         84.5012             99.204
           0        tcp     0    14         84.7037            121.371
           0        tcp     0    14         85.6599            4.28354
           0        tcp     0    14         85.8679            157.553
           0        tcp     0    14           86.19            89.0118
           0        tcp     0    14         86.4173            72.0721
           0        tcp     0    14         86.6203            141.283
           0        tcp     0    14         86.8693            115.129
           0        tcp     0    14         87.6379            31.9778
           0        tcp     0    14         87.8723            157.241
           0        tcp     0    14         88.6449            10.6035
           0        tcp     0    14         88.8575            154.086
           0        tcp     0    14         89.0703            115.497
           0        tcp     0    14         89.2757            79.7593
           0        tcp     0    14         89.4778            121.653
           0        tcp     0    14         89.7086            53.2377
           0        tcp     0    14         89.9177            97.9429
           0        tcp     0    14         90.1319            95.6003
           0        tcp     0    14         90.3488             113.29
           0        tcp     0    14          90.572            128.476
           0        tcp     0    14         90.7892             150.84
           0        tcp     0    14          91.016            144.471
           0        tcp     0    14         91.2313            133.208
           0        tcp     0    14         91.4533            147.608
           0        tcp     0    14         91.6538            143.024
           0        tcp     0    14         91.8787            145.674
           0        tcp     0    14          92.111            141.051
           0        tcp     0    14         92.3401            160.898
           0        tcp     0    14          92.569            143.162
           0        tcp     0    14         92.7697            142.831
           0        tcp     0    14         92.9788            156.764
           0        tcp     0    14         93.1973            149.948
           0        tcp     0    14         93.4197            147.369
           0        tcp     0    14         93.6257            79.5307
           0        tcp     0    14         93.8299            140.382
           0        tcp     0    14          94.033            80.6627
           0        tcp     0    14         94.6505            6.63295
           0        tcp     0    14         94.8723            166.213
           0        tcp     0    14         95.1193            99.5326
           0        tcp     0    14         95.3424            110.116
           0        tcp     0    14         95.5747            105.808
           0        tcp     0    14         95.8173            101.294
           0        tcp     0    14         96.0205            100.787
           0        tcp     0    14         96.2399            93.3651
           0        tcp     0    14         96.4604            111.428
           0        tcp     0    14         96.7031            118.153
           0        tcp     0    14         96.9243            129.646
           0        tcp     0    14         97.1479            164.806
           0        tcp     0    14          97.371            146.895
           0        tcp     0    14         97.5762            159.728
           0        tcp     0    14         97.8058            142.671
           0        tcp     0    14         98.0349            143.065
           0        tcp     0    14         98.6379            13.5842
           0        tcp     0    14         98.8519            153.149
           0        tcp     0    14          99.067            152.326
           0        tcp     0    14         99.2927            72.6027
           0        tcp     0    14         99.5009            137.689
           0        tcp     0    14         99.7316            88.7666
           0        tcp     0    14         99.9319            143.194
           0        tcp     0    14         100.152             148.64
           0        tcp     0    14         100.362             156.32
           0        tcp     0    14         100.579             132.24
           0        tcp     0    14         100.793            134.061
           0        tcp     0    14         101.004            135.333
           0        tcp     0    14         101.226            148.164
           0        tcp     0    14          102.14            31.3708
           0        tcp     0    14         102.369            142.882
           0        tcp     0    14          102.58            135.967
           0        tcp     0    14         102.839            63.3304
           0        tcp     0    14         103.061            92.0527
           0        tcp     0    14         103.281            111.736
           0        tcp     0    14         103.499            131.389
           0        tcp     0    14         103.713            134.078
           0        tcp     0    14         103.922            136.884
           0        tcp     0    14         104.124            122.057
           0        tcp     0    14         104.331            158.062
           0        tcp     0    14         104.559            143.787
           0        tcp     0    14         104.782            146.715
           0        tcp     0    14         104.993            155.613
           0        tcp     0    14         105.214            148.374
           0        tcp     0    14         105.429            152.012
           0        tcp     0    14         105.644            133.765
           0        tcp     0    14         105.854            155.901
           0        tcp     0    14         106.077             146.56
           0        tcp     0    14         106.432             80.976
           0        tcp     0    14         106.635            161.344
           0        tcp     0    14         106.858            73.2656
           0        tcp     0    14         107.095            86.5394
           0        tcp     0    14         107.368            105.143
           0        tcp     0    14          107.59            92.2766
           0        tcp     0    14          107.81            74.4989
           0        tcp     0    14         108.043             70.053
           0        tcp     0    14         108.254            97.3625
           0        tcp     0    14          108.47            94.8376
           0        tcp     0    14         108.699            124.976
           0        tcp     0    14         108.911            135.618
           0        tcp     0    14         109.143            140.704
           0        tcp     0    14         109.349            159.546
           0        tcp     0    14          109.57            148.266
           0        tcp     0    14         109.771            142.293
           0        tcp     0    14         109.973            162.604
           0        tcp     0    14         110.186            134.571
           0        tcp     0    14          110.41            146.396
           0        tcp     0    14         110.619            156.465
           0        tcp     0    14         110.833            57.4429
           0        tcp     0    14         111.088            128.326
           0        tcp     0    14         112.162            7.62975
           0        tcp     0    14         112.376            153.355
           0        tcp     0    14         112.615             102.88
           0        tcp     0    14         112.902            71.3654
           0        tcp     0    14         113.671            26.6186
           0        tcp     0    14         113.874            141.052
           0        tcp     0    14         114.086            96.9602
           0        tcp     0    14         115.167             22.721
           0        tcp     0    14         115.385            150.718
           0        tcp     0    14         115.587            121.224
           0        tcp     0    14         115.804            113.153
           0        tcp     0    14         116.022             94.346
           0        tcp     0    14         116.245            110.021
           0        tcp     0    14         116.464            130.911
           0        tcp     0    14          116.69            127.109
           0        tcp     0    14         116.897             158.22
           0        tcp     0    14         117.127            142.266
           0        tcp     0    14         117.353            145.194
           0        tcp     0    14         117.567            152.659
           0        tcp     0    14          117.77            141.749
           0        tcp     0    14         117.993            146.389
           0        tcp     0    14         118.211            169.448
           0        tcp     0    14         118.421            136.511
           0        tcp     0    14         118.632            155.292
           0        tcp     0    14         119.657            23.9768
           0        tcp     0    14         119.879            147.674
           0        tcp     0    14         120.629            5.45841
           0        tcp     0    14         120.855            145.417
           0        tcp     0    14         121.123            106.913
           0        tcp     0    14         121.336            153.427
           0        tcp     0    14         121.548            154.522
           0        tcp     0    14         122.163            6.66117
           0        tcp     0    14         122.381            150.798
           0        tcp     0    14         122.601             111.32
           0        tcp     0    14         122.806            59.9378
           0        tcp     0    14          123.01            80.5979
           0        tcp     0    14          123.21            143.162
           0        tcp     0    14         123.455            134.002
           0        tcp     0    14         123.659            159.896
           0        tcp     0    14         123.873             153.23
           0        tcp     0    14         124.106            140.798
           0        tcp     0    14         124.315            156.447
           0        tcp     0    14         124.536            167.294
           0        tcp     0    14          124.75            133.945
           0        tcp     0    14         124.976            144.897
           0        tcp     0    14         125.184            157.892
           0        tcp     0    14         125.385            142.232
           0        tcp     0    14         125.596            155.347
           0        tcp     0    14           125.8            221.158
           0        tcp     0    14         126.008            236.663
           0        tcp     0    14         126.223            208.974
           0        tcp     0    14         126.423            225.052
           0        tcp     0    14         126.635            212.915
           0        tcp     0    14         126.841             218.26
           0        tcp     0    14         127.051            234.989
           0        tcp     0    14         127.266            209.591
           0        tcp     0    14          127.47            240.618
           0        tcp     0    14          127.68              214.4
           0        tcp     0    14         128.859                  0
           0        tcp     0    14         130.269                  0
           0        tcp     0    14         131.269            12.5553
           0        tcp     0    14         131.553            57.6926
           0        tcp     0    14          131.89            24.2447
           0        tcp     0    14         132.097            59.4107
           0        tcp     0    14         132.338            101.938
           0        tcp     0    14         132.563            109.575
           0        tcp     0    14         132.863            109.104
           0        tcp     0    14         133.074            77.4938
           0        tcp     0    14          133.28            99.4641
           0        tcp     0    14         133.493            134.767
           0        tcp     0    14         133.713            130.446
           0        tcp     0    14         133.953            119.184
           0        tcp     0    14         134.168            152.638
           0        tcp     0    14         134.376            137.627
           0        tcp     0    14         134.583            118.947
           0        tcp     0    14         134.809            126.653
           0        tcp     0    14         135.019            136.926
           0        tcp     0    14         135.229            136.429
           0        tcp     0    14         135.477            115.443
           0        tcp     0    14         135.695            169.646
           0        tcp     0    14         135.912            151.082
           0        tcp     0    14         136.123            135.599
           0        tcp     0    14         136.357            140.282
           0        tcp     0    14         136.568             154.72
           0        tcp     0    14         137.659             15.024
           0        tcp     0    14         137.873            153.047
           0        tcp     0    14         138.112            102.799
           0        tcp     0    14          138.34            107.787
           0        tcp     0    14         138.556            133.059
           0        tcp     0    14         138.769            153.369
           0        tcp     0    14          138.98            136.092
           0        tcp     0    14         139.186            139.296
           0        tcp     0    14         139.398            154.092
           0        tcp     0    14         139.623             145.62
           0        tcp     0    14          139.83            158.316
           0        tcp     0    14         140.053              147.1
           0        tcp     0    14         140.277            146.123
           0        tcp     0    14         140.482            140.377
           0        tcp     0    14         140.707            145.333
           0        tcp     0    14          140.92            154.192
           0        tcp     0    14         141.126            119.279
           0        tcp     0    14          141.33             140.19
           0        tcp     0    14         141.553            146.792
           0        tcp     0    14         141.777              146.5
           0        tcp     0    14         141.995             150.38
           0        tcp     0    14         142.199            160.493
           0        tcp     0    14         142.411            135.288
           0        tcp     0    14         142.619            137.593
           0        tcp     0    14         142.833            153.254
           0        tcp     0    14         143.058            145.626
           0        tcp     0    14         143.271            134.482
           0        tcp     0    14         143.489            150.642
           0        tcp     0    14         143.713            91.4852
           0        tcp     0    14         143.925            154.815
           0        tcp     0    14         144.134            58.6142
           0        tcp     0    14         144.435            67.9924
           0        tcp     0    14         144.686            81.6895
           0        tcp     0    14         144.904             93.823
           0        tcp     0    14         145.123            131.199
           0        tcp     0    14         145.351            143.929
           0        tcp     0    14         145.562            154.656
           0        tcp     0    14         145.771            137.712
           0        tcp     0    14         145.989            150.351
           0        tcp     0    14         146.218            143.042
           0        tcp     0    14         146.435            131.979
           0        tcp     0    14         146.646            154.956
           0        tcp     0    14         146.848            142.378
           0        tcp     0    14         147.057            137.008
           0        tcp     0    14         147.264            177.862
           0        tcp     0    14         147.482            131.739
           0        tcp     0    14         147.683            142.345
           0        tcp     0    14         147.894            155.352
           0        tcp     0    14         148.118            146.521
           0        tcp     0    14          148.33            154.346
           0        tcp     0    14         148.548            150.276
           0        tcp     0    14         148.753            139.966
           0        tcp     0    14         148.962            156.685
           0        tcp     0    14         149.173            155.685
           0        tcp     0    14         149.385            134.846
           0        tcp     0    14         150.638            26.1644
           0        tcp     0    14         150.858            167.032
           0        tcp     0    14         151.085            108.373
           0        tcp     0    14          152.16            19.0506
           0        tcp     0    14         152.361             163.23
           0        tcp     0    14         152.568            99.0469
           0        tcp     0    14         152.773            59.8609
           0        tcp     0    14         152.981            98.3147
           0        tcp     0    14         153.185            140.635
           0        tcp     0    14         153.414            107.653
           0        tcp     0    14         153.641            161.989
           0        tcp     0    14         153.849            137.727
           0        tcp     0    14         154.085            139.264
           0        tcp     0    14         154.291            139.022
           0        tcp     0    14         154.509            150.538
           0        tcp     0    14         155.143            32.2845
           0        tcp     0    14          155.35            157.854
           0        tcp     0    14         155.734            85.4002
           0        tcp     0    14         155.934            143.173
           0        tcp     0    14         156.666            22.4081
           0        tcp     0    14         156.866            163.702
           0        tcp     0    14         157.083            150.509
           0        tcp     0    14         157.304            148.404
           0        tcp     0    14         157.533            143.005
           0        tcp     0    14         157.851            90.2171
           0        tcp     0    14         158.093            152.619
           0        tcp     0    14         158.326            105.195
           0        tcp     0    14         158.623            82.8418
           0        tcp     0    14         158.837            134.126
           0        tcp     0    14         159.079            101.601
           0        tcp     0    14         159.305             108.75
           0        tcp     0    14         159.512            118.466
           0        tcp     0    14         159.731            149.442
           0        tcp     0    14         159.947            133.074
           0        tcp     0    14         160.159             134.92
           0        tcp     0    14         160.379            149.509
           0        tcp     0    14         160.607            143.496
           0        tcp     0    14         160.808            142.736
           0        tcp     0    14         161.121             91.401
           0        tcp     0    14         161.323             162.35
           0        tcp     0    14         161.537            115.068
           0        tcp     0    14           161.8            93.2654
           0        tcp     0    14         162.662            19.0197
           0        tcp     0    14         162.881             149.46
           0        tcp     0    14         163.193            52.4546
           0        tcp     0    14         163.428            87.3839
           0        tcp     0    14         163.628            102.209
           0        tcp     0    14         163.833            100.151
           0        tcp     0    14         164.043            116.934
           0        tcp     0    14         165.169            18.1846
           0        tcp     0    14         165.395            126.637
           0        tcp     0    14         166.132            22.2406
           0        tcp     0    14         166.345            154.035
           0        tcp     0    14         166.644            95.7235
           0        tcp     0    14         166.859            114.553
           0        tcp     0    14         167.079            93.2169
           0        tcp     0    14          167.28            122.048
           0        tcp     0    14         167.486            158.997
           0        tcp     0    14           167.7            133.915
           0        tcp     0    14         167.918            169.151
           0        tcp     0    14         168.143            127.678
           0        tcp     0    14         169.162            12.0547
           0        tcp     0    14         169.389             162.21
           0        tcp     0    14         169.618            71.7656
           0        tcp     0    14         169.832            133.813
           0        tcp     0    14          170.07              85.84
           0        tcp     0    14         170.288            93.9191
           0        tcp     0    14         170.505            132.161
           0        tcp     0    14          170.73            127.557
           0        tcp     0    14         170.944            95.8628
           0        tcp     0    14         171.162            150.023
           0        tcp     0    14         171.366            100.361
           0        tcp     0    14         171.624            47.7426
           0        tcp     0    14          171.83            119.011
           0        tcp     0    14         172.038             98.436
           0        tcp     0    14         173.166            18.1684
           0        tcp     0    14         173.392            162.925
           0        tcp     0    14         173.692            81.8494
           0        tcp     0    14         174.655            17.0104
           0        tcp     0    14         174.899            151.369
           0        tcp     0    14         175.109              97.53
           0        tcp     0    14          175.32             96.918
           0        tcp     0    14         175.528            118.353
           0        tcp     0    14          175.74            96.5006
           0        tcp     0    14         175.953            115.388
           0        tcp     0    14         176.159            119.518
           0        tcp     0    14         176.395            69.2759
           0        tcp     0    14         176.603            157.812
           0        tcp     0    14         177.148            15.0211
           0        tcp     0    14          177.38             140.98
           0        tcp     0    14         177.618            86.3588
           0        tcp     0    14         177.911             97.741
           0        tcp     0    14         178.647            11.1263
           0        tcp     0    14         178.867            149.208
           0        tcp     0    14         179.657            20.7277
           0        tcp     0    14         179.859            162.676
           0        tcp     0    14         180.087            107.513
           0        tcp     0    14         180.291              80.33
           0        tcp     0    14         180.551            110.216
           0        tcp     0    14         180.755            120.708
           0        tcp     0    14         180.979            127.846
           0        tcp     0    14         181.203            146.274
           0        tcp     0    14         181.421            150.816
           0        tcp     0    14         181.649            143.645
           0        tcp     0    14         181.862            134.624
           0        tcp     0    14         182.072            156.015
           0        tcp     0    14         182.287            151.879
           0        tcp     0    14         182.488             163.17
           0        tcp     0    14         182.724            121.581
           0        tcp     0    14         183.648            31.0237
           0        tcp     0    14         183.877            143.449
           0        tcp     0    14         184.156            102.543
           0        tcp     0    14         184.359            121.154
           0        tcp     0    14         184.583            109.995
           0        tcp     0    14         184.803            111.605
           0        tcp     0    14         185.019            132.446
           0        tcp     0    14         185.251            123.928
           0        tcp     0    14         185.455             140.09
           0        tcp     0    14         185.663            118.252
           0        tcp     0    14         185.879             151.66
           0        tcp     0    14          186.11            142.228
           0        tcp     0    14         186.338            143.603
           0        tcp     0    14         186.543            159.778
           0        tcp     0    14         186.755             135.38
           0        tcp     0    14         186.972            132.033
           0        tcp     0    14         187.192            148.836
           0        tcp     0    14         187.398            139.334
           0        tcp     0    14         187.624            144.866
           0        tcp     0    14          187.84             132.78
           0        tcp     0    14         188.058            131.611
           0        tcp     0    14         188.259            142.281
           0        tcp     0    14         188.484            145.867
           0        tcp     0    14         189.144            6.20698
           0        tcp     0    14         189.344            163.731
           0        tcp     0    14         189.598            96.7013
           0        tcp     0    14         189.805            119.009
           0        tcp     0    14         190.031             144.58
           0        tcp     0    14         190.261            142.454
           0        tcp     0    14         190.597            85.4309
           0        tcp     0    14         190.813            151.497
           0        tcp     0    14         191.019             79.635
           0        tcp     0    14         191.229            97.4248
           0        tcp     0    14         191.432            80.7412
           0        tcp     0    14         191.639            59.4888
           0        tcp     0    14          191.84            101.861
           0        tcp     0    14         192.109             91.085
           0        tcp     0    14         192.328            112.285
           0        tcp     0    14         193.142            20.1261
           0        tcp     0    14         193.354            174.057
           0        tcp     0    14         193.569            133.214
           0        tcp     0    14         193.797            144.308
           0        tcp     0    14         194.017            148.444
           0        tcp     0    14         194.223             139.56
           0        tcp     0    14         194.423            163.746
           0        tcp     0    14         194.645            147.643
           0        tcp     0    14         194.865            149.034
           0        tcp     0    14         195.065            122.543
           0        tcp     0    14         195.271             159.27
           0        tcp     0    14         195.471             142.95
           0        tcp     0    14          195.68            157.509
           0        tcp     0    14         195.882            162.046
           0        tcp     0    14         196.092            136.496
           0        tcp     0    14         196.305             153.36
           0        tcp     0    14         196.506            142.761
           0        tcp     0    14         196.715            137.536
           0        tcp     0    14         196.946             141.66
           0        tcp     0    14         197.146            143.312
           0        tcp     0    14          197.35             161.01
           0        tcp     0    14         197.558            156.951
           0        tcp     0    14         197.765            118.964
           0        tcp     0    14         197.986            148.085
           0        tcp     0    14         198.205            93.6233
           0        tcp     0    14         198.425            130.263
           0        tcp     0    14         198.652            90.0874
           0        tcp     0    14         198.862            136.972
           0        tcp     0    14         199.077            114.422
           0        tcp     0    14         199.293            132.767
           0        tcp     0    14         199.508            152.331
           0        tcp     0    14         199.737            143.021
           0        tcp     0    14         199.937            122.829
           0        tcp     0    14          200.14            161.659
           0        tcp     0    14         200.358            150.226
           0        tcp     0    14         200.579            147.777
           0        tcp     0    14         200.791             155.18
           0        tcp     0    14         200.999            137.536
           0        tcp     0    14         201.203            140.499
           0        tcp     0    14         201.408            139.732
           0        tcp     0    14         201.623            152.754
           0        tcp     0    14         201.838            152.312
           0        tcp     0    14         202.044            159.341
           0        tcp     0    14         202.245            142.304
           0        tcp     0    14         203.158            22.4243
           0        tcp     0    14         203.365            158.322
           0        tcp     0    14         203.583            112.983
           0        tcp     0    14         203.789            139.165
           0        tcp     0    14         204.005            132.539
           0        tcp     0    14         204.221            132.831
           0        tcp     0    14         204.423            121.655
           0        tcp     0    14         204.633            136.771
           0        tcp     0    14         204.848            171.225
           0        tcp     0    14         205.055            138.425
           0        tcp     0    14         205.281            144.991
           0        tcp     0    14         205.504            147.095
           0        tcp     0    14         205.734            142.502
           0        tcp     0    14         205.936            161.778
           0        tcp     0    14         206.214            88.6456
           0        tcp     0    14         206.441            161.918
           0        tcp     0    14         206.647            99.7102
           0        tcp     0    14         206.865            94.0047
           0        tcp     0    14          207.68             25.131
           0        tcp     0    14           207.9             148.57
           0        tcp     0    14         208.157            31.8853
           0        tcp     0    14         208.481            101.228
           0        tcp     0    14           208.7            149.134
           0        tcp     0    14         208.931            53.3928
           0        tcp     0    14         209.156            109.255
           0        tcp     0    14         209.381            109.231
           0        tcp     0    14         209.664            57.8801
           0        tcp     0    14         209.897            122.777
           0        tcp     0    14         210.131            52.6477
           0        tcp     0    14         210.351            166.988
           0        tcp     0    14          210.63            102.987
           0        tcp     0    14          210.84            97.2709
           0        tcp     0    14          211.06            93.3432
           0        tcp     0    14         211.267             78.958
           0        tcp     0    14         211.474            118.915
           0        tcp     0    14         212.147            6.08366
           0        tcp     0    14         212.359            154.542
           0        tcp     0    14          212.58             148.61
           0        tcp     0    14         212.791            135.595
           0        tcp     0    14         212.998            138.869
           0        tcp     0    14         213.644             25.328
           0        tcp     0    14         213.865             148.72
           0        tcp     0    14         214.655            10.3653
           0        tcp     0    14         214.879            146.361
           0        tcp     0    14         215.639            21.5475
           0        tcp     0    14         215.856            170.032
           0        tcp     0    14         216.059             80.708
           0        tcp     0    14         216.309            65.6547
           0        tcp     0    14         216.534            91.0851
           0        tcp     0    14          216.76            72.4381
           0        tcp     0    14         216.969            156.733
           0        tcp     0    14         217.661            41.3957
           0        tcp     0    14         217.866            159.887
           0        tcp     0    14         218.096            71.2785
           0        tcp     0    14         219.142            35.2359
           0        tcp     0    14         219.388            150.219
           0        tcp     0    14         219.624            69.2914
           0        tcp     0    14         219.906             72.739
           0        tcp     0    14         220.137            70.7402
           0        tcp     0    14         220.366            89.4419
           0        tcp     0    14         221.156            15.5546
           0        tcp     0    14         221.361             140.04
           0        tcp     0    14         221.561            163.741
           0        tcp     0    14         221.805            100.936
           0        tcp     0    14         222.007            81.1606
           0        tcp     0    14         222.216            97.6369
           0        tcp     0    14         222.443            72.2233
           0        tcp     0    14         222.689            99.8497
           0        tcp     0    14         222.905            133.187
           0        tcp     0    14         223.669             16.078
           0        tcp     0    14         223.873            160.926
           0        tcp     0    14         224.077             120.37
           0        tcp     0    14         224.288            58.1033
           0        tcp     0    14         224.511            128.468
           0        tcp     0    14         224.718            158.363
           0        tcp     0    14         224.919            163.241
           0        tcp     0    14         225.157            137.484
           0        tcp     0    14         225.378            148.336
           0        tcp     0    14         225.592            153.343
           0        tcp     0    14         225.822            142.398
           0        tcp     0    14         226.041            168.044
           0        tcp     0    14         226.255             134.29
           0        tcp     0    14         227.158             4.5333
           0        tcp     0    14         227.373             152.53
           0        tcp     0    14         227.575            121.806
           0        tcp     0    14         227.794            112.298
           0        tcp     0    14         228.663            9.42341
           0        tcp     0    14         228.865            162.594
           0        tcp     0    14         229.116             97.668
           0        tcp     0    14         229.487            66.3788
           0        tcp     0    14         229.692             119.56
           0        tcp     0    14         229.909            132.143
           0        tcp     0    14          230.13            129.888
           0        tcp     0    14         230.344            95.4565
           0        tcp     0    14         230.562             113.18
           0        tcp     0    14         231.657            14.9615
           0        tcp     0    14         231.879            165.728
           0        tcp     0    14         232.083            100.661
           0        tcp     0    14         232.311            71.7614
           0        tcp     0    14         233.168            4.77687
           0        tcp     0    14         233.381            153.774
           0        tcp     0    14         233.703            63.7888
           0        tcp     0    14         233.931            71.7501
           0        tcp     0    14         234.151            111.794
           0        tcp     0    14         234.373            128.869
           0        tcp     0    14         234.574            142.865
           0        tcp     0    14         234.775            142.404
           0        tcp     0    14         234.986            135.955
           0        tcp     0    14         236.143            24.7771
           0        tcp     0    14         236.408            139.449
           0        tcp     0    14         236.673            77.1082
           0        tcp     0    14         236.884            116.349
           0        tcp     0    14         237.111            144.626
           0        tcp     0    14         237.314            121.062
           0        tcp     0    14         237.535            111.056
           0        tcp     0    14         238.166             6.4913
           0        tcp     0    14         238.408            135.624
           0        tcp     0    14         238.725            64.6929
           0        tcp     0    14         238.946            166.393
           0        tcp     0    14         239.175            89.4701
           0        tcp     0    14         239.405            53.5168
           0        tcp     0    14         239.637            123.635
           0        tcp     0    14         239.855            130.929
           0        tcp     0    14         240.141             86.213
           0        tcp     0    14         240.343            101.321
           0        tcp     0    14         240.581            51.6293
           0        tcp     0    14         240.788            157.897
           0        tcp     0    14         241.016            143.753
           0        tcp     0    14         241.242            145.082
           0        tcp     0    14         241.463            147.977
           0        tcp     0    14         241.672            137.179
           0        tcp     0    14         241.893            148.439
           0        tcp     0    14         242.101            138.292
           0        tcp     0    14         243.159            11.6099
           0        tcp     0    14         243.404            150.263
           0        tcp     0    14         243.735            74.3805
           0        tcp     0    14         243.938            160.966
           0        tcp     0    14         244.165            72.2645
           0        tcp     0    14         244.381            113.641
           0        tcp     0    14         244.611            71.2003
           0        tcp     0    14         244.825            114.876
           0        tcp     0    14         245.029            161.164
           0        tcp     0    14         245.242             153.52
           0        tcp     0    14         245.449            158.051
           0        tcp     0    14         245.659            136.731
           0        tcp     0    14         245.866            138.776
           0        tcp     0    14         246.086            148.606
           0        tcp     0    14         246.313            162.591
           0        tcp     0    14          246.54            162.417
           0        tcp     0    14         246.757             151.18
           0        tcp     0    14         246.967            136.341
           0        tcp     0    14          247.19            147.228
           0        tcp     0    14         247.394            139.911
           0        tcp     0    14         248.661            19.3965
           0        tcp     0    14         248.892            141.902
           0        tcp     0    14         249.095            100.926
           0        tcp     0    14         249.306            77.8258
           0        tcp     0    14         249.511              139.9
           0        tcp     0    14         249.747            103.982
           0        tcp     0    14         249.961            153.163
           0        tcp     0    14         250.168            138.243
           0        tcp     0    14         250.391            165.568
           0        tcp     0    14         250.601             136.43
           0        tcp     0    14         250.824            165.223
           0        tcp     0    14         251.047            147.049
           0        tcp     0    14         251.644            13.7346
           0        tcp     0    14         251.852            157.321
           0        tcp     0    14          252.07            93.8308
           0        tcp     0    14         252.313            67.4937
           0        tcp     0    14         252.522            136.942
           0        tcp     0    14         252.726            120.694
           0        tcp     0    14         252.945            130.891
           0        tcp     0    14          253.16            133.448
           0        tcp     0    14         253.432            60.2638
           0        tcp     0    14          253.64            157.186
           0        tcp     0    14         253.929            70.9068
           0        tcp     0    14         254.135            119.397
           0        tcp     0    14         255.174            3.94045
           0        tcp     0    14         255.401            144.724
           0        tcp     0    14         255.602            61.1743
           0        tcp     0    14         255.835            123.029
           0        tcp     0    14          256.05            57.1322
           0        tcp     0    14         256.269             56.077
           0        tcp     0    14         256.491            128.919
           0        tcp     0    14         256.704            134.626
           0        tcp     0    14         256.939            121.962
           0        tcp     0    14         257.146            138.988
           0        tcp     0    14         257.366            111.687
           0        tcp     0    14         257.576            174.956
           0        tcp     0    14         257.786            156.387
           0        tcp     0    14         257.989            141.051
           0        tcp     0    14         258.216            162.213
           0        tcp     0    14          258.44            146.303
           0        tcp     0    14         258.647            138.804
           0        tcp     0    14         258.864             151.11
           0        tcp     0    14         259.088            164.781
           0        tcp     0    14         259.306            150.042
           0        tcp     0    14         259.539             140.44
           0        tcp     0    14         259.743            140.492
           0        tcp     0    14         259.973            142.721
           0        tcp     0    14         260.184            155.543
           0        tcp     0    14         260.389             139.96
           0        tcp     0    14         260.616            144.153
           0        tcp     0    14         260.832            151.531
           0        tcp     0    14         261.146            91.4408
           0        tcp     0    14         261.369            146.385
           0        tcp     0    14         261.586            75.5645
           0        tcp     0    14         262.642            11.6411
           0        tcp     0    14         262.848            159.015
           0        tcp     0    14         263.141            97.8667
           0        tcp     0    14         263.461            51.1459
           0        tcp     0    14         263.685            146.663
           0        tcp     0    14         263.897            96.2554
           0        tcp     0    14         264.138            68.0691
           0        tcp     0    14         264.342            80.2617
           0        tcp     0    14          265.15            10.1413
           0        tcp     0    14         265.365            152.709
           0        tcp     0    14         265.573            117.928
           0        tcp     0    14         266.653            18.9663
           0        tcp     0    14         266.856            161.109
           0        tcp     0    14         267.078            129.059
           0        tcp     0    14         267.302            146.796
           0        tcp     0    14         268.156            23.9665
           0        tcp     0    14         268.365            156.526
           0        tcp     0    14         268.635            106.508
           0        tcp     0    14         268.856              110.9
           0        tcp     0    14         269.068            135.498
           0        tcp     0    14         269.294             126.59
           0        tcp     0    14         269.529            157.341
           0        tcp     0    14         269.742            153.293
           0        tcp     0    14         269.943             142.84
           0        tcp     0    14         270.145            141.972
           0        tcp     0    14         270.363            150.329
           0        tcp     0    14         270.606            134.695
           0        tcp     0    14         270.821            152.462
           0        tcp     0    14         271.029            157.911
           0        tcp     0    14         271.247            168.584
           0        tcp     0    14         271.477            142.704
           0        tcp     0    14          272.16            36.0094
           0        tcp     0    14         272.365            159.518
           0        tcp     0    14         272.701            85.3573
           0        tcp     0    14          272.92             149.39
           0        tcp     0    14         273.145             73.019
           0        tcp     0    14         274.162            12.0739
           0        tcp     0    14         274.403            153.058
           0        tcp     0    14         274.614            155.391
           0        tcp     0    14         274.824            39.0964
           0        tcp     0    14         275.042            149.873
           0        tcp     0    14         275.312            106.253
           0        tcp     0    14         275.524            116.184
           0        tcp     0    14         276.678            14.1963
           0        tcp     0    14         276.903            127.375
           0        tcp     0    14         277.113            97.3332
           0        tcp     0    14         277.316            120.939
           0        tcp     0    14          277.56            134.563
           0        tcp     0    14         277.765            139.852
           0        tcp     0    14         277.989            146.269
           0        tcp     0    14         278.266             118.25
           0        tcp     0    14         278.486            149.051
           0        tcp     0    14         278.719            70.3246
           0        tcp     0    14         279.649            22.0272
           0        tcp     0    14         279.872            146.573
           0        tcp     0    14         280.148            74.3349
           0        tcp     0    14         280.355            98.7391
           0        tcp     0    14           280.6            83.7247
           0        tcp     0    14         280.817            75.6038
           0        tcp     0    14         281.049            123.578
           0        tcp     0    14         281.272            109.974
           0        tcp     0    14         282.161            27.6599
           0        tcp     0    14          282.39            142.525
           0        tcp     0    14         282.612             73.982
           0        tcp     0    14          282.83            75.1419
           0        tcp     0    14         283.064            87.3477
           0        tcp     0    14         283.273            98.0455
           0        tcp     0    14          283.49            150.961
           0        tcp     0    14         283.714            146.441
           0        tcp     0    14         283.923            156.749
           0        tcp     0    14         284.147            146.348
           0        tcp     0    14         284.356            156.733
           0        tcp     0    14         284.573            150.788
           0        tcp     0    14         284.798            146.233
           0        tcp     0    14             285            162.155
           0        tcp     0    14         285.208            157.036
           0        tcp     0    14         285.409            142.582
           0        tcp     0    14         286.144            22.2964
           0        tcp     0    14         286.366            166.292
           0        tcp     0    14          286.58            76.6754
           0        tcp     0    14         286.811             106.05
           0        tcp     0    14         287.069            111.438
           0        tcp     0    14         287.288            130.654
           0        tcp     0    14         287.518            124.799
           0        tcp     0    14          287.74            128.851
           0        tcp     0    14         287.954             134.07
           0        tcp     0    14         288.164            156.223
           0        tcp     0    14         288.365            142.504
           0        tcp     0    14         288.591            145.174
           0        tcp     0    14         288.811            148.969
           0        tcp     0    14         289.017            159.245
           0        tcp     0    14         289.237            148.669
           0        tcp     0    14         289.458            148.084
           0        tcp     0    14         289.671            153.898
           0        tcp     0    14         289.895            146.273
           0        tcp     0    14         290.635            27.6839
           0        tcp     0    14         290.845            155.691
           0        tcp     0    14         291.668            29.8812
           0        tcp     0    14         291.919            146.728
           0        tcp     0    14         292.165            83.4171
           0        tcp     0    14         292.373            117.907
           0        tcp     0    14         292.589            151.964
           0        tcp     0    14          292.82            141.471
           0        tcp     0    14          293.04             149.23
           0        tcp     0    14         293.247            138.302
           0        tcp     0    14         293.462            152.485
           0        tcp     0    14         294.148            23.8858
           0        tcp     0    14         294.361             153.63
           0        tcp     0    14         294.609            99.1325
           0        tcp     0    14         294.818              117.5
           0        tcp     0    14         295.034            56.8901
           0        tcp     0    14         295.238            160.999
           0        tcp     0    14         295.468            71.0856
           0        tcp     0    14         295.685            113.222
           0        tcp     0    14         295.917            105.983
           0        tcp     0    14         296.129            77.3319
           0        tcp     0    14         296.345            95.1019
           0        tcp     0    14         296.592             49.756
           0        tcp     0    14         297.647             15.529
           0        tcp     0    14         297.863            151.401
           0        tcp     0    14         298.178            77.9478
           0        tcp     0    14         299.156            29.3327
           0        tcp     0    14         299.356            143.033
           0        tcp     0    14         299.612            112.046
           0        tcp     0    14         299.826            76.4493


