Fri Nov  4 10:41:08 CST 2016
--- Simulation sequence:1 ---
#node_id rate rate_without_head
       0 483.671 396.856
       1 9.72332 7.97565
       2 582.81 405.427
       3 86.8141 0
       4 2.00845 0


--- Simulation sequence:2 ---
#node_id rate rate_without_head
       0 12.9597 10.6312
       1 251.971 206.743
       2 311.339 217.428
       3 311.315 217.403
       4 2.04668 0
       5 44.3175 0


--- Simulation sequence:3 ---
#node_id rate rate_without_head
       0 17.0405 13.9793
       1 188.205 154.422
       2 240.746 167.44
       3 240.744 167.439
       4 240.743 167.436
       5 3.09988 0
       6 33.8149 0


--- Simulation sequence:4 ---
#node_id rate rate_without_head
       0 157.05 128.859
       1 27.8897 22.8814
       2 217.911 151.753
       3 217.902 151.745
       4 217.874 151.717
       5 217.854 151.684
       6 27.9665 0
       7 5.03522 0


--- Simulation sequence:5 ---
#node_id rate rate_without_head
       0 153.6 126.028
       1 21.3823 17.542
       2 206.563 143.633
       3 206.53 143.6
       4 206.528 143.599
       5 206.527 143.6
       6 206.499 143.57
       7 27.6595 0
       8 3.86112 0


--- Simulation sequence:6 ---
#node_id rate rate_without_head
       0 23.5997 19.3614
       1 137.261 112.62
       2 186.197 129.785
       3 186.284 129.855
       4 186.171 129.76
       5 186.613 129.693
       6 186.613 129.705
       7 186.602 129.693
       8 4.26498 0
       9 24.778 0


--- Simulation sequence:7 ---
#node_id rate rate_without_head
       0 16.4479 13.4933
       1 125.797 103.216
       2 166.934 116.051
       3 166.933 116.05
       4 166.931 116.049
       5 166.916 116.034
       6 166.914 116.033
       7 166.934 116.049
       8 166.896 116.009
       9 2.97243 0
      10 22.6947 0


--- Simulation sequence:8 ---
#node_id rate rate_without_head
       0 16.0325 13.1524
       1 154.832 127.036
       2 184.092 127.889
       3 184.094 127.89
       4 184.081 127.875
       5 184.086 127.878
       6 184.07 127.863
       7 184.048 127.842
       8 184.05 127.843
       9 184.053 127.845
      10 2.89737 0
      11 28.0541 0


--- Simulation sequence:9 ---
#node_id rate rate_without_head
       0 147.81 121.278
       1 11.4574 9.39591
       2 187.649 130.417
       3 187.623 130.391
       4 187.58 130.35
       5 187.582 130.352
       6 187.542 130.312
       7 187.571 130.34
       8 187.545 130.314
       9 187.533 130.301
      10 187.522 130.289
      11 26.722 0
      12 2.08311 0


--- Simulation sequence:10 ---
#node_id rate rate_without_head
       0 16.8596 13.831
       1 104.777 85.9662
       2 140.825 98.1067
       3 140.85 98.1243
       4 140.895 98.1664
       5 140.825 98.101
       6 141.131 98.0673
       7 141.089 98.0426
       8 141.088 98.0418
       9 141.073 98.0271
      10 141.059 98.0131
      11 141.038 97.9923
      12 3.04322 0
      13 18.9507 0


--- Simulation sequence:11 ---
#node_id rate rate_without_head
       0 141.676 116.245
       1 9.33812 7.65701
       2 178.087 123.795
       3 178.058 123.766
       4 178.054 123.765
       5 178.052 123.764
       6 178.053 123.763
       7 178.068 123.777
       8 178.052 123.762
       9 178.014 123.725
      10 178.003 123.713
      11 177.99 123.7
      12 177.979 123.688
      13 25.57 0
      14 1.69319 0


--- Simulation sequence:12 ---
#node_id rate rate_without_head
       0 138.754 113.847
       1 5.5951 4.58836
       2 169.941 118.341
       3 169.982 118.374
       4 169.862 118.271
       5 170.137 118.231
       6 170.099 118.205
       7 170.114 118.22
       8 170.115 118.222
       9 170.087 118.192
      10 170.089 118.193
      11 170.091 118.195
      12 170.093 118.196
      13 170.082 118.185
      14 25.0316 0
      15 1.02176 0


--- Simulation sequence:13 ---
#node_id rate rate_without_head
       0 29.1887 23.9473
       1 124.361 102.035
       2 166.862 116.282
       3 166.941 116.322
       4 166.832 116.261
       5 167.256 116.262
       6 167.161 116.209
       7 167.136 116.185
       8 167.133 116.181
       9 167.107 116.155
      10 167.095 116.142
      11 167.085 116.131
      12 167.056 116.102
      13 167.027 116.074
      14 167.025 116.07
      15 5.26476 0
      16 22.4741 0


--- Simulation sequence:14 ---
#node_id rate rate_without_head
       0 138.17 113.365
       1 9.22721 7.56856
       2 168.857 117.382
       3 168.856 117.381
       4 168.821 117.352
       5 168.806 117.338
       6 168.776 117.309
       7 168.775 117.306
       8 168.773 117.305
       9 168.755 117.285
      10 168.742 117.272
      11 168.729 117.257
      12 168.7 117.229
      13 168.693 117.222
      14 168.696 117.223
      15 168.697 117.224
      16 24.9657 0
      17 1.66118 0


--- Simulation sequence:15 ---
#node_id rate rate_without_head
       0 135.496 111.174
       1 6.27993 5.15028
       2 167.365 116.338
       3 167.337 116.316
       4 167.338 116.317
       5 167.335 116.316
       6 167.321 116.299
       7 167.294 116.272
       8 167.284 116.261
       9 167.285 116.262
      10 167.259 116.235
      11 167.243 116.22
      12 167.252 116.233
      13 167.218 116.198
      14 167.22 116.2
      15 167.194 116.174
      16 167.196 116.175
      17 24.4659 0
      18 1.14453 0


