2016年 05月 23日 星期一 19:26:33 CST
--- Simulation sequence:1 ---
#node_id rate rate_without_head
       0 215.134 176.518
       1 211.197 173.287
       2 502.786 349.76
       3 38.6146 0
       4 37.9061 0


--- Simulation sequence:2 ---
#node_id rate rate_without_head
       0 79.5348 65.2569
       1 138.37 113.53
       2 253.242 176.767
       3 253.32 176.833
       4 13.8776 0
       5 24.757 0


--- Simulation sequence:3 ---
#node_id rate rate_without_head
       0 91.525 75.0949
       1 94.7263 77.7215
       2 214.209 148.7
       3 214.182 148.669
       4 214.182 148.669
       5 16.7469 0
       6 17.3166 0


--- Simulation sequence:4 ---
#node_id rate rate_without_head
       0 80.0537 65.6826
       1 79.9672 65.6116
       2 184.596 128.196
       3 184.595 128.197
       4 184.642 128.24
       5 184.625 128.176
       6 14.6329 0
       7 14.5605 0


--- Simulation sequence:5 ---
#node_id rate rate_without_head
       0 69.3665 56.9137
       1 80.1254 65.7414
       2 171.809 119.536
       3 171.873 119.608
       4 171.838 119.568
       5 171.735 119.422
       6 171.739 119.347
       7 12.5893 0
       8 14.6118 0


--- Simulation sequence:6 ---
#node_id rate rate_without_head
       0 60.2206 49.4068
       1 52.157 42.793
       2 131.681 91.5162
       3 131.729 91.5392
       4 131.427 91.2932
       5 131.541 91.2467
       6 131.472 91.2046
       7 131.504 91.2167
       8 10.9803 0
       9 9.54541 0


--- Simulation sequence:7 ---
#node_id rate rate_without_head
       0 60.2195 49.4084
       1 60.3846 49.5439
       2 141.528 98.2871
       3 141.436 98.2151
       4 141.307 98.1085
       5 141.271 98.0647
       6 141.224 97.9968
       7 141.166 97.921
       8 141.179 97.9198
       9 11.0054 0
      10 11.0083 0


--- Simulation sequence:8 ---
#node_id rate rate_without_head
       0 54.8379 44.9927
       1 51.9556 42.6252
       2 124.943 86.8983
       3 124.814 86.7898
       4 124.961 86.9005
       5 124.812 86.7781
       6 124.735 86.6011
       7 124.615 86.52
       8 124.542 86.4525
       9 124.537 86.4406
      10 9.9874 0
      11 9.45183 0


--- Simulation sequence:9 ---
#node_id rate rate_without_head
       0 54.2979 44.5496
       1 64.1703 52.6473
       2 135.826 94.3684
       3 135.726 94.2806
       4 135.525 94.1154
       5 135.363 93.9776
       6 135.286 93.8932
       7 135.246 93.8715
       8 135.268 93.864
       9 135.245 93.8377
      10 135.243 93.8253
      11 9.8876 0
      12 11.615 0


--- Simulation sequence:10 ---
#node_id rate rate_without_head
       0 69.287 56.8484
       1 45.519 37.3464
       2 132.891 92.65
       3 132.778 92.5529
       4 132.447 92.2728
       5 132.246 92.06
       6 132 91.8431
       7 132.039 91.7988
       8 131.872 91.7184
       9 131.913 91.7198
      10 131.83 91.6262
      11 131.906 91.6688
      12 12.4153 0
      13 8.15478 0


--- Simulation sequence:11 ---
#node_id rate rate_without_head
       0 62.7837 51.5123
       1 57.1966 46.9281
       2 137.861 96.0328
       3 137.713 95.9089
       4 137.696 95.8945
       5 137.42 95.6635
       6 137.131 95.412
       7 136.999 95.3266
       8 137.002 95.3246
       9 136.999 95.2742
      10 136.947 95.19
      11 136.96 95.1556
      12 136.947 95.117
      13 11.2714 0
      14 10.2821 0


--- Simulation sequence:12 ---
#node_id rate rate_without_head
       0 48.9594 40.1668
       1 63.4268 52.04
       2 129.759 90.5088
       3 129.481 90.2824
       4 129.298 90.1261
       5 129.007 89.8649
       6 128.832 89.7056
       7 128.726 89.6362
       8 128.609 89.5382
       9 128.733 89.6179
      10 128.613 89.4803
      11 128.632 89.4729
      12 128.618 89.4587
      13 128.554 89.3809
      14 8.77513 0
      15 11.2287 0


--- Simulation sequence:13 ---
#node_id rate rate_without_head
       0 61.1986 50.2115
       1 54.4272 44.6558
       2 128.96 89.9388
       3 128.829 89.8305
       4 128.654 89.6906
       5 128.51 89.569
       6 128.431 89.5016
       7 128.349 89.4343
       8 128.412 89.3903
       9 128.353 89.3513
      10 128.332 89.3121
      11 128.3 89.2857
      12 128.294 89.2732
      13 128.321 89.2748
      14 128.325 89.2486
      15 11.0285 0
      16 9.70321 0


--- Simulation sequence:14 ---
#node_id rate rate_without_head
       0 32.1136 26.3471
       1 73.9222 60.6517
       2 124.693 86.9119
       3 124.534 86.7759
       4 124.453 86.7096
       5 124.154 86.4659
       6 123.871 86.2066
       7 124.018 86.3315
       8 123.783 86.1496
       9 123.815 86.0822
      10 123.777 86.0559
      11 123.811 86.0707
      12 123.814 86.0604
      13 123.841 86.0752
      14 123.835 86.0439
      15 123.851 86.0449
      16 5.67689 0
      17 13.3367 0


--- Simulation sequence:15 ---
#node_id rate rate_without_head
       0 49.8387 40.8875
       1 64.3966 52.8358
       2 125.245 87.461
       3 125.175 87.3934
       4 124.788 87.0656
       5 124.607 86.9021
       6 124.432 86.7661
       7 124.323 86.6735
       8 124.19 86.5622
       9 124.237 86.6012
      10 123.661 86.123
      11 123.714 86.1451
      12 123.667 86.0897
      13 123.696 86.0825
      14 123.741 86.0996
      15 123.761 86.0989
      16 123.776 86.0985
      17 8.82512 0
      18 11.4216 0


--- Simulation sequence:16 ---
#node_id rate rate_without_head
       0 66.6852 54.7136
       1 40.0518 32.8605
       2 125.361 87.4771
       3 125.427 87.5208
       4 125.233 87.3586
       5 124.922 87.0838
       6 124.779 86.9654
       7 124.69 86.91
       8 124.541 86.785
       9 124.573 86.7158
      10 124.428 86.6042
      11 124.501 86.6573
      12 124.474 86.6282
      13 124.422 86.5854
      14 124.412 86.5701
      15 124.388 86.5411
      16 124.403 86.5436
      17 124.457 86.5728
      18 11.8884 0
      19 7.52604 0


--- Simulation sequence:17 ---
#node_id rate rate_without_head
       0 49.2442 40.403
       1 52.2557 42.874
       2 119.103 83.2942
       3 119.008 83.2114
       4 118.894 83.12
       5 118.762 83.0049
       6 118.719 82.9769
       7 118.567 82.8445
       8 118.367 82.6654
       9 118.457 82.5549
      10 118.309 82.4293
      11 118.359 82.472
      12 118.34 82.4318
      13 118.18 82.2683
      14 117.754 81.9244
      15 117.794 81.9371
      16 117.757 81.8991
      17 117.741 81.8589
      18 117.752 81.86
      19 8.72802 0
      20 9.39921 0


--- Simulation sequence:18 ---
#node_id rate rate_without_head
       0 38.0981 31.2544
       1 71.5616 58.7148
       2 123.686 86.3991
       3 123.604 86.3299
       4 123.442 86.1922
       5 123.406 86.1505
       6 123.37 86.1089
       7 123.312 86.0184
       8 123.248 85.8961
       9 123.096 85.7736
      10 123.041 85.7335
      11 122.989 85.6935
      12 123.024 85.722
      13 123.024 85.7095
      14 123.008 85.6833
      15 123.002 85.6706
      16 122.994 85.6443
      17 123.01 85.6453
      18 123.03 85.6464
      19 123.052 85.6474
      20 6.61883 0
      21 12.8913 0


--- Simulation sequence:19 ---
#node_id rate rate_without_head
       0 63.5122 52.1075
       1 37.3301 30.6273
       2 113.984 79.6352
       3 114.136 79.7581
       4 113.735 79.4202
       5 113.64 79.2687
       6 113.359 79.0543
       7 113.378 78.9758
       8 113.186 78.826
       9 112.917 78.5513
      10 112.918 78.4889
      11 112.874 78.4588
      12 113.154 78.4303
      13 113.014 78.3221
      14 112.717 78.3241
      15 112.693 78.3098
      16 112.682 78.2957
      17 112.693 78.2953
      18 112.698 78.2862
      19 112.704 78.2856
      20 112.7 78.2704
      21 11.2898 0
      22 6.68732 0


--- Simulation sequence:20 ---
#node_id rate rate_without_head
       0 53.4359 43.8424
       1 39.2056 32.1662
       2 107.672 75.2339
       3 107.764 75.3043
       4 107.659 75.223
       5 107.597 75.1567
       6 107.491 75.0582
       7 107.532 75.0992
       8 107.434 75.0061
       9 107.472 74.9506
      10 107.44 74.9221
      11 107.411 74.9144
      12 107.475 74.9678
      13 106.947 74.5255
      14 106.963 74.5137
      15 107.01 74.5295
      16 107.061 74.5562
      17 106.458 74.0347
      18 106.426 73.9982
      19 106.425 73.9702
      20 106.439 73.9697
      21 106.435 73.9545
      22 9.60669 0
      23 7.10371 0


