2015年 11月 17日 星期二 07:59:53 CST
--- Simulation sequence:2 ---
#node_id rate rate_without_head
       0 289.076 237.183
       1 284.297 233.262
       2 51.8913 0
       3 51.0263 0


--- Simulation sequence:3 ---
#node_id rate rate_without_head
       0 139.346 114.328
       1 135.073 110.822
       2 164.304 114.305
       3 159.247 110.781
       4 24.9978 0
       5 24.2376 0


--- Simulation sequence:4 ---
#node_id rate rate_without_head
       0 177.545 145.671
       1 739.681 0
       2 209.159 145.602
       3 -0 -0
       4 209.135 145.58
       5 -0 -0
       6 31.8251 0
       7 -0 -0


--- Simulation sequence:5 ---
#node_id rate rate_without_head
       0 136.095 111.66
       1 1.68988 1.37706
       2 160.026 112.003
       3 4.98313 3.72731
       4 160.842 112.536
       5 4.31353 3.17022
       6 160.68 112.384
       7 4.61723 3.42711
       8 24.121 0.372646
       9 3.60163 2.44033


--- Simulation sequence:6 ---
#node_id rate rate_without_head
       0 110.797 90.8656
       1 21.1692 17.3621
       2 139.124 102.925
       3 32.157 24.5136
       4 132.182 97.3963
       5 16.7867 12.7398
       6 131.421 96.8097
       7 17.4341 13.2291
       8 138.631 102.46
       9 17.5116 13.3132
      10 29.618 12.8038
      11 3.31739 0.92019


--- Simulation sequence:7 ---
#node_id rate rate_without_head
       0 41.8785 34.2546
       1 101.529 83.2984
       2 49.8127 40.0767
       3 113.507 85.3278
       4 48.4404 38.8967
       5 111.563 84.0311
       6 44.1366 35.4014
       7 108.744 81.711
       8 46.0548 36.9845
       9 109.039 81.878
      10 49.9194 40.218
      11 112.597 84.4685
      12 3.44652 2.30408
      13 10.096 0.290011


--- Simulation sequence:8 ---
#node_id rate rate_without_head
       0 114.591 94.0157
       1 13.8859 11.1616
       2 125.716 92.8689
       3 15.8088 12.2204
       4 126.008 93.5802
       5 22.3052 17.1493
       6 118.864 88.0931
       7 16.0243 12.0795
       8 121.12 89.7538
       9 15.8871 12.0361
      10 126.247 93.7188
      11 14.062 10.7382
      12 128.486 95.2068
      13 7.1711 5.31541
      14 19.9492 5.96573
      15 1.87364 1.152


--- Simulation sequence:9 ---
#node_id rate rate_without_head
       0 88.3665 71.8978
       1 53.311 43.2589
       2 90.8879 71.9992
       3 56.5068 45.2804
       4 88.6754 70.26
       5 63.1615 50.586
       6 81.6119 64.5859
       7 85.2078 68.5284
       8 86.7492 68.0217
       9 80.8331 64.9307
      10 108.484 85.7598
      11 87.88 70.7283
      12 96.4996 75.9269
      13 81.4452 65.6156
      14 98.7862 77.4005
      15 75.5577 60.9374
      16 27.3181 18.786
      17 34.2902 26.4771


--- Simulation sequence:10 ---
#node_id rate rate_without_head
       0 54.1333 44.365
       1 96.35 79.0472
       2 58.5325 47.1411
       3 107.383 84.911
       4 54.3204 44.1144
       5 108.915 85.977
       6 54.9063 44.6273
       7 113.655 89.8082
       8 65.1177 52.5141
       9 126.269 100.654
      10 59.4848 48.1083
      11 109.443 87.3311
      12 58.14 46.9453
      13 94.0913 74.3209
      14 58.2673 47.0421
      15 115.845 92.1244
      16 50.9186 40.9008
      17 116.3 92.3771
      18 3.24895 1.66014
      19 8.83432 4.18115


--- Simulation sequence:11 ---
#node_id rate rate_without_head
       0 36.2561 29.4874
       1 92.5018 75.8839
       2 69.2492 54.9606
       3 102.825 80.6213
       4 91.3565 72.7406
       5 70.4957 55.5365
       6 96.3141 76.7391
       7 50.6194 39.2955
       8 104.735 83.0673
       9 55.6976 43.3948
      10 86.6328 68.4701
      11 56.2276 44.3555
      12 79.3827 62.5205
      13 56.5049 44.6772
      14 89.8536 70.9152
      15 64.3938 50.5182
      16 84.7255 67.3214
      17 64.6046 50.2644
      18 71.6841 57.1658
      19 67.8684 52.8337
      20 30.4932 23.2258
      21 6.83772 0.761068


--- Simulation sequence:12 ---
#node_id rate rate_without_head
       0 78.7488 64.4217
       1 84.7413 69.506
       2 82.3275 66.3946
       3 71.4841 57.5076
       4 79.9921 64.4534
       5 96.7742 77.9686
       6 68.2549 54.9876
       7 97.1773 78.3366
       8 64.901 52.0545
       9 88.9863 71.6605
      10 70.7207 56.7994
      11 98.066 79.3941
      12 70.672 56.6179
      13 96.0936 77.7609
      14 80.4047 64.6093
      15 91.1537 73.7078
      16 80.0374 64.1769
      17 88.901 72.0355
      18 66.0228 52.6702
      19 87.8117 70.9861
      20 64.5619 51.5948
      21 89.6886 72.3044
      22 5.95752 3.4654
      23 13.0614 8.82863


--- Simulation sequence:13 ---
#node_id rate rate_without_head
       0 61.412 50.0095
       1 87.2152 71.5388
       2 75.7728 61.7335
       3 88.2858 72.2036
       4 75.6488 61.5873
       5 97.9665 80.1315
       6 94.6827 77.1936
       7 99.8269 81.6485
       8 92.4519 75.3086
       9 128.176 104.924
      10 4.55976 3.26369
      11 128.278 105
      12 4.54926 3.26404
      13 128.009 104.804
      14 4.54378 3.30858
      15 128.517 105.206
      16 3.88416 2.7356
      17 127.688 104.533
      18 3.87471 2.73574
      19 127.779 104.585
      20 10.3629 8.07521
      21 127.745 104.549
      22 23.0996 18.4941
      23 121.564 99.4853
      24 3.18511 2.07467
      25 28.8499 23.0351


--- Simulation sequence:14 ---
#node_id rate rate_without_head
       0 55.8798 45.8351
       1 77.9715 63.8399
       2 75.1296 60.1089
       3 106.514 86.2581
       4 58.0031 46.8085
       5 121.669 98.536
       6 36.2178 29.0781
       7 114.172 92.2485
       8 32.0994 25.6681
       9 101.76 82.1021
      10 44.3134 35.0796
      11 112.388 91.0676
      12 45.8043 36.234
      13 111.507 90.4664
      14 32.8906 26.2081
      15 112.14 90.9246
      16 35.8846 28.6274
      17 117.19 94.9155
      18 36.5131 29.2105
      19 106.31 86.0787
      20 44.8103 35.4268
      21 100.57 81.4447
      22 58.6431 46.6495
      23 89.2428 72.7374
      24 58.6865 46.6478
      25 81.6247 66.5781
      26 7.95202 4.56871
      27 11.2136 8.68908


--- Simulation sequence:15 ---
#node_id rate rate_without_head
       0 95.098 77.9919
       1 87.6302 71.7099
       2 77.3818 61.9148
       3 79.3915 63.7423
       4 77.1088 62.7217
       5 97.1423 78.2611
       6 84.2301 68.4963
       7 80.2614 64.404
       8 95.9233 77.1958
       9 53.0229 42.1363
      10 108.461 87.3492
      11 32.8732 26.5449
      12 109.28 88.0879
      13 43.0648 35.0217
      14 103.578 83.2018
      15 42.0102 34.1725
      16 115.261 92.8103
      17 30.3641 24.8096
      18 115.314 92.8451
      19 18.474 15.0778
      20 116.299 93.6607
      21 18.5417 15.1334
      22 116.304 93.6646
      23 29.4623 24.0858
      24 101.996 81.917
      25 37.6114 30.7642
      26 99.6166 79.995
      27 45.8053 37.4952
      28 23.3338 17.3492
      29 0.196984 0


--- Simulation sequence:16 ---
#node_id rate rate_without_head
       0 85.7488 70.1584
       1 91.1166 74.5391
       2 84.1392 68.4421
       3 91.3592 74.2113
       4 109.276 88.9478
       5 65.0969 52.8548
       6 129.825 105.622
       7 57.5812 46.7877
       8 129.825 105.533
       9 55.0299 44.8686
      10 114.718 93.0415
      11 24.5562 19.7396
      12 114.726 93.0773
      13 44.8592 36.5082
      14 94.5061 76.5609
      15 80.0058 65.3041
      16 70.5182 57.0646
      17 107.695 87.9018
      18 30.8378 24.6161
      19 107.709 87.8981
      20 39.0421 31.3478
      21 107.707 87.889
      22 61.6256 49.8364
      23 100.258 81.7614
      24 77.8692 62.9829
      25 89.4405 72.9008
      26 85.8086 69.3299
      27 89.462 72.8881
      28 80.9005 65.3142
      29 97.9134 79.5795
      30 2.87375 1.52191
      31 24.8759 19.4953


--- Simulation sequence:17 ---
#node_id rate rate_without_head
       0 80.1285 65.5678
       1 76.5319 62.7507
       2 77.9785 62.0194
       3 75.0805 60.0868
       4 90.7172 72.4215
       5 75.3596 60.3473
       6 84.6259 67.4547
       7 71.2839 56.7857
       8 82.4 66.1958
       9 68.4585 54.4303
      10 81.7193 65.6222
      11 76.7197 60.5429
      12 81.4181 65.2631
      13 82.9538 66.0836
      14 62.1435 49.523
      15 82.8821 66.0752
      16 69.1028 55.2999
      17 84.0626 67.0441
      18 82.3398 66.0419
      19 94.7946 75.4155
      20 82.4352 66.1203
      21 76.0241 60.0142
      22 82.4298 66.1159
      23 76.1368 60.0122
      24 90.5797 72.7729
      25 75.6356 59.7167
      26 89.675 72.0232
      27 76.4853 60.3167
      28 118.352 95.0197
      29 77.4781 61.0688
      30 126.988 101.597
      31 83.1474 65.4808
      32 20.2551 14.1267
      33 3.55835 0.559544


--- Simulation sequence:18 ---
#node_id rate rate_without_head
       0 15.2268 11.8611
       1 129.615 106.343
       2 15.5878 12.0679
       3 124.211 99.864
       4 39.4977 31.1056
       5 125.866 101.071
       6 39.1631 30.98
       7 98.0391 78.7652
       8 38.8621 30.6582
       9 110.45 88.7417
      10 26.9688 21.1156
      11 121.187 97.669
      12 35.9255 28.1669
      13 123.124 99.2425
      14 45.2119 35.7568
      15 103.791 83.6338
      16 45.2023 35.8383
      17 103.8 83.6416
      18 67.9731 54.0456
      19 103.614 83.5202
      20 67.979 54.0576
      21 69.9613 56.4036
      22 67.9941 54.0551
      23 70.0019 56.4526
      24 80.1991 63.8015
      25 72.1048 58.1701
      26 79.9934 63.6328
      27 65.0157 52.5544
      28 79.657 63.3564
      29 62.7023 50.6821
      30 79.6628 63.3537
      31 88.0707 70.9152
      32 49.2672 39.0394
      33 90.1317 72.5984
      34 45.4844 35.881
      35 3.44303 0.0841367


--- Simulation sequence:19 ---
#node_id rate rate_without_head
       0 36.9566 30.3155
       1 95.6075 78.061
       2 63.0624 50.731
       3 104.236 83.8525
       4 109.674 88.8324
       5 84.9363 68.7073
       6 125.836 101.977
       7 29.3738 23.3765
       8 126.847 102.74
       9 14.4917 11.2923
      10 120.872 97.7997
      11 8.85358 6.76276
      12 120.586 97.215
      13 63.0312 50.9251
      14 74.1043 59.3291
      15 74.0201 60.2025
      16 63.526 50.7388
      17 76.4517 62.1777
      18 69.5115 55.5905
      19 76.4321 62.1698
      20 116.063 93.5039
      21 71.4567 58.1036
      22 113.958 91.7992
      23 20.6649 16.7286
      24 116.172 93.5786
      25 41.402 33.5575
      26 98.3947 79.1701
      27 47.1692 37.7364
      28 101.679 82.2996
      29 42.4967 33.8475
      30 95.6391 77.4178
      31 45.0754 35.9482
      32 90.551 73.2583
      33 43.3233 34.4798
      34 89.7276 72.575
      35 44.5026 35.4243
      36 57.7933 46.3109
      37 8.11924 4.8114


--- Simulation sequence:20 ---
#node_id rate rate_without_head
       0 109.02 89.434
       1 73.9121 60.3488
       2 87.7076 69.2701
       3 79.7476 63.7587
       4 86.263 69.0012
       5 73.5328 58.4684
       6 78.3266 62.6051
       7 67.5642 53.5616
       8 81.1721 63.9598
       9 75.0806 59.6125
      10 76.5961 60.1829
      11 81.5673 66.2926
      12 76.2552 59.9544
      13 79.1352 64.4226
      14 78.8799 62.0262
      15 69.9856 56.8761
      16 109.8 87.1654
      17 84.2885 68.6334
      18 110.607 87.2519
      19 48.1317 39.2125
      20 106.594 84.074
      21 51.5634 41.9954
      22 101.817 80.1549
      23 48.0686 39.2102
      24 106.139 83.764
      25 47.424 38.6976
      26 104.381 82.304
      27 43.5145 35.5228
      28 105.398 83.1026
      29 47.6529 38.9184
      30 116.026 91.4696
      31 46.6289 38.0864
      32 123.912 97.8709
      33 44.9907 36.7437
      34 111.653 88.173
      35 74.0312 60.4747
      36 111.602 88.1112
      37 40.5368 33.0811
      38 4.73941 0.40069
      39 3.69208 2.64902


