2016年 05月 23日 星期一 19:26:33 CST
--- Simulation sequence:1 ---
#node_id rate rate_without_head
       0 213.433 175.122
       1 212.729 174.544
       2 502.09 349.536
       3 38.2851 0
       4 37.8261 0


--- Simulation sequence:2 ---
#node_id rate rate_without_head
       0 208.198 170.827
       1 213.507 175.182
       2 421.74 346.001
       3 421.741 346.002
       4 30.9886 0
       5 1042.26 0


--- Simulation sequence:3 ---
#node_id rate rate_without_head
       0 126.154 103.508
       1 78.9583 64.7839
       2 221.449 155.44
       3 221.411 155.403
       4 221.429 155.42
       5 22.4831 0
       6 12.226 0


--- Simulation sequence:4 ---
#node_id rate rate_without_head
       0 178.143 146.164
       1 42.9616 35.2476
       2 230.709 173.223
       3 230.67 173.181
       4 230.657 173.166
       5 230.625 173.137
       6 15.1931 0
       7 7.76321 0


--- Simulation sequence:5 ---
#node_id rate rate_without_head
       0 117.026 96.019
       1 65.0317 53.3569
       2 205.286 149.104
       3 205.319 149.134
       4 205.209 149.026
       5 205.195 148.989
       6 205.137 148.906
       7 12.0348 0
       8 11.7909 0


--- Simulation sequence:6 ---
#node_id rate rate_without_head
       0 125.755 103.181
       1 54.0732 44.362
       2 189.479 141.003
       3 189.656 141.128
       4 189.49 141.006
       5 190.752 140.967
       6 190.676 140.941
       7 190.659 140.917
       8 11.5124 0
       9 8.71554 0


--- Simulation sequence:7 ---
#node_id rate rate_without_head
       0 47.9187 39.3154
       1 176.287 144.641
       2 232.45 180.937
       3 232.425 180.912
       4 232.418 180.901
       5 232.445 180.931
       6 232.451 180.933
       7 232.463 180.935
       8 232.494 180.951
       9 6.43781 0
      10 5.73304 0


--- Simulation sequence:8 ---
#node_id rate rate_without_head
       0 90.0149 73.8558
       1 100.319 82.3109
       2 200.444 153.332
       3 200.421 153.304
       4 200.369 153.27
       5 200.352 153.241
       6 200.319 153.227
       7 200.299 153.198
       8 200.282 153.169
       9 200.292 153.169
      10 7.18896 0
      11 6.9158 0


--- Simulation sequence:9 ---
#node_id rate rate_without_head
       0 207.768 170.474
       1 29.2212 23.9712
       2 236.576 187.136
       3 236.552 187.121
       4 236.487 187.065
       5 236.514 187.062
       6 236.489 187.047
       7 236.491 187.045
       8 236.498 187.044
       9 236.521 187.053
      10 236.537 187.054
      11 6.02585 0
      12 3.0481 0


--- Simulation sequence:10 ---
#node_id rate rate_without_head
       0 83.8994 68.8381
       1 148.606 121.927
       2 212.448 164.504
       3 212.447 164.503
       4 212.428 164.488
       5 212.396 164.459
       6 212.323 164.398
       7 212.341 164.411
       8 212.323 164.396
       9 212.305 164.382
      10 212.32 164.389
      11 212.348 164.389
      12 5.92864 0
      13 8.21249 0


--- Simulation sequence:11 ---
#node_id rate rate_without_head
       0 10.756 8.82285
       1 238.936 196.048
       2 253.2 204.229
       3 253.101 204.145
       4 253.065 204.116
       5 253.037 204.087
       6 252.997 204.057
       7 253.073 204.124
       8 242.575 195.516
       9 242.578 195.501
      10 242.59 195.513
      11 242.59 195.498
      12 242.602 195.499
      13 1.24668 0
      14 3.43983 0


--- Simulation sequence:12 ---
#node_id rate rate_without_head
       0 157.06 128.868
       1 77.5908 63.6616
       2 237.514 186.561
       3 237.432 186.492
       4 237.414 186.477
       5 237.315 186.39
       6 237.313 186.389
       7 237.312 186.388
       8 237.327 186.4
       9 237.325 186.396
      10 237.326 186.394
      11 237.346 186.393
      12 237.357 186.392
      13 237.36 186.39
      14 6.70771 0
      15 4.31853 0


--- Simulation sequence:13 ---
#node_id rate rate_without_head
       0 230.59 189.198
       1 97.2549 79.7915
       2 250.337 200.797
       3 250.306 200.769
       4 250.282 200.754
       5 250.25 200.725
       6 250.182 200.667
       7 250.172 200.666
       8 250.156 200.651
       9 250.155 200.65
      10 250.154 200.646
      11 250.164 200.645
      12 250.177 200.643
      13 250.18 200.628
      14 250.195 200.628
      15 6.44958 0
      16 2.16119 0


--- Simulation sequence:14 ---
#node_id rate rate_without_head
       0 27.9774 22.9519
       1 249.447 204.67
       2 262.337 212.648
       3 262.248 212.575
       4 262.18 212.519
       5 262.083 212.434
       6 261.978 212.35
       7 261.879 212.264
       8 261.872 212.263
       9 261.873 212.262
      10 261.877 212.26
      11 261.874 212.258
      12 261.893 212.256
      13 261.91 212.255
      14 261.92 212.253
      15 261.936 212.254
      16 1.77849 0
      17 4.14897 0


--- Simulation sequence:15 ---
#node_id rate rate_without_head
       0 171.365 140.603
       1 181.711 149.094
       2 267.579 217.402
       3 267.411 217.261
       4 267.175 217.067
       5 266.97 216.902
       6 266.834 216.79
       7 266.733 216.705
       8 266.628 216.621
       9 266.573 216.578
      10 256.758 208.531
      11 256.771 208.528
      12 256.767 208.527
      13 256.758 208.498
      14 256.746 208.483
      15 256.773 208.496
      16 256.805 208.507
      17 3.99723 0
      18 0.88906 0


--- Simulation sequence:16 ---
#node_id rate rate_without_head
       0 -0 -0
       1 271.732 222.957
       2 274.067 222.927
       3 274.015 222.884
       4 273.999 222.868
       5 273.928 222.811
       6 273.907 222.795
       7 273.918 222.807
       8 273.915 222.805
       9 273.913 222.803
      10 273.911 222.801
      11 273.916 222.8
      12 273.914 222.799
      13 273.916 222.796
      14 273.924 222.794
      15 273.928 222.793
      16 273.913 222.778
      17 273.918 222.775
      18 -0 -0
      19 3.71013 0


--- Simulation sequence:17 ---
#node_id rate rate_without_head
       0 259.337 212.786
       1 89.9491 73.6702
       2 265.317 215.334
       3 265.282 215.305
       4 265.233 215.265
       5 265.198 215.236
       6 265.196 215.234
       7 265.194 215.233
       8 265.192 215.232
       9 265.205 215.244
      10 265.2 215.241
      11 265.199 215.239
      12 265.206 215.238
      13 265.216 215.236
      14 265.218 215.233
      15 265.223 215.232
      16 265.219 215.216
      17 265.223 215.215
      18 265.233 215.218
      19 2.62293 0
      20 15.8173 0


--- Simulation sequence:18 ---
#node_id rate rate_without_head
       0 106.892 87.704
       1 127.73 104.799
       2 238.551 188.795
       3 238.434 188.694
       4 238.34 188.614
       5 238.189 188.493
       6 238.108 188.427
       7 237.995 188.333
       8 237.953 188.295
       9 237.976 188.311
      10 237.886 188.244
      11 237.971 188.292
      12 237.924 188.253
      13 237.933 188.245
      14 237.93 188.243
      15 237.962 188.252
      16 237.961 188.236
      17 237.994 188.249
      18 238.049 188.275
      19 238.035 188.248
      20 4.74206 0
      21 4.02595 0


--- Simulation sequence:19 ---
#node_id rate rate_without_head
       0 255.574 209.7
       1 0.801017 0.65469
       2 258.926 210.191
       3 258.88 210.153
       4 258.843 210.125
       5 258.712 210.013
       6 258.71 210.011
       7 258.692 209.996
       8 258.61 209.926
       9 258.62 209.937
      10 258.604 209.921
      11 258.626 209.947
      12 258.631 209.946
      13 258.637 209.943
      14 258.661 209.956
      15 258.654 209.94
      16 258.665 209.939
      17 258.686 209.952
      18 258.71 209.962
      19 258.693 209.933
      20 258.706 209.931
      21 2.73942 0
      22 0.144784 0


--- Simulation sequence:20 ---
#node_id rate rate_without_head
       0 211.318 173.386
       1 94.1216 77.2255
       2 269.011 218.528
       3 268.976 218.499
       4 268.791 218.346
       5 268.703 218.276
       6 268.604 218.193
       7 268.432 218.054
       8 268.38 218.012
       9 268.342 217.981
      10 268.287 217.938
      11 268.322 217.964
      12 256.418 208.201
      13 256.491 208.254
      14 256.422 208.198
      15 256.41 208.183
      16 256.423 208.181
      17 256.425 208.177
      18 256.435 208.176
      19 256.451 208.175
      20 256.46 208.159
      21 256.476 208.158
      22 2.62804 0
      23 0.738924 0


