Tue Oct 18 16:55:51 CST 2016
--- Simulation sequence:2 ---
#node_id rate rate_without_head
       0 325.602 267.158
       1 331.687 272.151
       2 58.2956 0
       3 59.0761 0


--- Simulation sequence:3 ---
#node_id rate rate_without_head
       0 155.897 127.913
       1 159.737 131.064
       2 183.868 127.904
       3 188.404 131.062
       4 27.9824 0
       5 28.6713 0


--- Simulation sequence:4 ---
#node_id rate rate_without_head
       0 95.9132 77.9019
       1 124.014 100.705
       2 102.073 74.8957
       3 133.511 98.7777
       4 103.731 75.897
       5 138.163 102.26
       6 24.5716 9.70139
       7 25.934 9.40003


--- Simulation sequence:5 ---
#node_id rate rate_without_head
       0 80.2503 65.0174
       1 74.6465 60.5866
       2 95.3656 66.3184
       3 93.1651 64.5978
       4 85.2801 59.2853
       5 86.8775 60.1987
       6 84.5365 58.5031
       7 84.6991 58.5957
       8 24.6308 7.82608
       9 26.8545 9.86885


--- Simulation sequence:6 ---
#node_id rate rate_without_head
       0 79.0582 63.3336
       1 71.4548 57.4042
       2 87.2594 60.6062
       3 75.4805 52.5589
       4 86.1138 59.6855
       5 76.9047 53.3089
       6 78.3878 54.4072
       7 72.1859 49.9677
       8 80.0211 55.4312
       9 73.6625 50.8958
      10 24.057 8.37302
      11 22.5796 7.97374


--- Simulation sequence:7 ---
#node_id rate rate_without_head
       0 59.2146 47.3927
       1 76.4435 61.0921
       2 62.389 43.291
       3 84.7173 58.8066
       4 60.2998 41.8313
       5 81.2777 56.3199
       6 57.6663 39.8017
       7 76.5659 52.8796
       8 57.5134 39.7915
       9 76.9401 53.167
      10 58.1767 40.1291
      11 80.926 55.8709
      12 15.7371 4.65021
      13 23.4005 8.34577


--- Simulation sequence:8 ---
#node_id rate rate_without_head
       0 64.0089 51.0615
       1 62.6543 49.9488
       2 66.9372 46.5817
       3 64.4305 44.5813
       4 66.2511 46.1191
       5 59.6474 41.1393
       6 70.6271 49.1989
       7 57.942 39.8779
       8 66.0179 45.7691
       9 54.6955 37.8218
      10 61.9458 42.8362
      11 53.5859 37.0289
      12 63.7734 44.0471
      13 56.8724 39.2776
      14 21.1959 8.46963
      15 18.2835 6.33738


--- Simulation sequence:9 ---
#node_id rate rate_without_head
       0 48.8854 37.7622
       1 71.8787 58.2803
       2 58.1968 40.3195
       3 68.6282 47.5036
       4 60.3523 41.6058
       5 61.0711 42.2089
       6 58.7739 40.4402
       7 57.9388 40.1551
       8 58.3909 40.2116
       9 62.031 42.9497
      10 52.9111 36.4287
      11 64.4467 44.5466
      12 50.4854 34.7649
      13 65.1981 45.0523
      14 49.2268 33.9563
      15 70.2474 48.5331
      16 18.4749 9.0219
      17 17.7321 4.0015


--- Simulation sequence:10 ---
#node_id rate rate_without_head
       0 57.4752 46.3825
       1 48.1317 38.4523
       2 62.6133 43.316
       3 57.2618 39.8656
       4 56.8347 39.2521
       5 58.3193 40.5658
       6 50.5103 34.7786
       7 56.1067 38.9744
       8 50.9463 34.9973
       9 57.0188 39.5631
      10 54.5912 37.8046
      11 57.236 39.5952
      12 55.0319 37.9989
      13 53.0867 36.5107
      14 54.1302 37.3906
      15 50.3264 34.7135
      16 57.6894 39.8118
      17 50.8978 35.0839
      18 14.8432 3.99783
      19 14.8359 5.50932


--- Simulation sequence:11 ---
#node_id rate rate_without_head
       0 68.7903 55.8614
       1 38.3636 29.8405
       2 68.2154 47.2326
       3 44.4361 30.6931
       4 65.5441 45.2734
       5 49.2519 33.9752
       6 62.0445 42.8285
       7 47.0066 32.3978
       8 62.4108 43.0984
       9 47.1198 32.5204
      10 62.8121 43.3337
      11 46.6146 32.1388
      12 63.4435 43.7875
      13 44.4887 30.6384
      14 63.0899 43.5269
      15 41.9265 28.8689
      16 65.2009 44.9975
      17 40.3442 27.779
      18 69.6686 48.0742
      19 40.4075 27.7997
      20 15.3482 2.72071
      21 13.1411 5.71688


--- Simulation sequence:12 ---
#node_id rate rate_without_head
       0 59.6403 47.5765
       1 52.038 41.2216
       2 61.7069 42.8306
       3 60.6926 41.954
       4 53.4321 36.9838
       5 57.8522 39.9259
       6 52.8249 36.4881
       7 58.1184 40.1319
       8 50.9521 35.13
       9 58.3335 40.2837
      10 50.53 34.8589
      11 58.145 40.1777
      12 49.2848 34.0494
      13 60.8865 42.0429
      14 48.2367 33.3369
      15 60.7521 42.0019
      16 47.9399 33.1179
      17 58.3587 40.2907
      18 49.2285 33.9956
      19 58.6078 40.4429
      20 50.6624 34.9555
      21 57.4597 39.6441
      22 15.0019 4.38662
      23 20.6918 9.19329


--- Simulation sequence:13 ---
#node_id rate rate_without_head
       0 48.6009 39.1789
       1 59.3713 47.2168
       2 44.3351 30.8105
       3 65.0438 45.1977
       4 50.0546 34.8435
       5 67.3091 46.6355
       6 47.0979 32.8555
       7 58.4703 40.3679
       8 46.8161 32.6219
       9 58.9428 40.707
      10 47.1953 32.8922
      11 58.9367 40.6285
      12 46.1231 32.1359
      13 57.5016 39.5945
      14 50.3668 34.9794
      15 56.9938 39.2518
      16 52.1381 36.2407
      17 54.1722 37.7249
      18 49.3342 33.9794
      19 52.9815 36.9178
      20 50.774 34.9519
      21 52.2935 36.4202
      22 52.3746 36.0612
      23 53.9388 37.4014
      24 13.7404 4.55057
      25 13.2625 3.6338


--- Simulation sequence:14 ---
#node_id rate rate_without_head
       0 53.8818 43.0643
       1 45.7223 36.2041
       2 57.5698 40.2676
       3 46.0465 31.8255
       4 57.6322 40.1754
       5 47.8387 33.1803
       6 53.8304 37.2242
       7 46.9622 32.5033
       8 53.671 37.1007
       9 44.9101 31.0378
      10 55.8455 38.5404
      11 46.4024 32.0077
      12 54.4189 37.6272
      13 45.0008 31.0369
      14 52.3436 36.2148
      15 43.6738 30.1221
      16 55.2391 38.1873
      17 46.7619 32.2351
      18 54.7163 37.8028
      19 42.4829 29.2796
      20 55.5049 38.3368
      21 42.549 29.3493
      22 55.0208 37.9666
      23 42.1218 29.0251
      24 53.3949 36.846
      25 45.0367 31.0235
      26 13.5493 3.94786
      27 13.6983 4.76764


--- Simulation sequence:15 ---
#node_id rate rate_without_head
       0 51.2917 41.5781
       1 45.356 35.6088
       2 52.5058 36.3504
       3 52.2064 36.3655
       4 49.4029 34.0728
       5 51.2976 35.6247
       6 46.1288 31.7952
       7 53.0897 36.7796
       8 44.4977 30.5999
       9 53.3723 36.8509
      10 46.7063 32.1607
      11 52.0958 35.904
      12 46.5516 32.1144
      13 47.6614 32.9091
      14 48.4173 33.3771
      15 47.5158 32.7577
      16 49.4564 34.1041
      17 48.0634 33.2117
      18 49.203 33.9569
      19 46.9239 32.4172
      20 48.4496 33.4223
      21 45.9583 31.7118
      22 48.4497 33.3953
      23 45.5587 31.4485
      24 49.0643 33.8207
      25 43.9541 30.3407
      26 51.0699 35.1929
      27 44.0803 30.4163
      28 14.2037 3.96796
      29 16.2467 7.307


