1 1
2 1.1
3 1
4 1.94
5 1.06
6 1.12
7 2.16
8 1.06
9 1.03
10 1.01
11 2.36
12 1.86
13 1.1
14 1.03
15 1
16 2.34
17 1.56
18 1.61
19 1.05
20 1.01
21 1
22 2.39
23 1.82
24 1.6
25 1.48
26 1.03
27 1.01
28 1
29 2.35
30 1.93
31 1.63
32 1.4
33 1.31
34 1.02
35 1.01
36 1
37 2.41
38 1.97
39 1.84
40 1.45
41 1.3
42 1.25
43 1.02
44 1.01
45 1
46 2.28
47 1.88
48 1.79
49 1.58
50 1.29
51 1.25
52 1.21
53 1.02
54 1.01
55 1
56 2.34
57 2.02
58 1.87
59 1.66
60 1.5
61 1.26
62 1.23
63 1.21
64 1.02
65 1.01
66 1
67 2.44
68 2.06
69 1.92
70 1.65
71 1.49
72 1.38
73 1.22
74 1.22
75 1.18
76 1.02
77 1.01
78 1
79 2.4
80 2.02
81 1.89
82 1.69
83 1.51
84 1.4
85 1.33
86 1.19
87 1.19
88 1.15
89 1.01
90 1.01
91 1
92 2.33
93 2.01
94 1.88
95 1.68
96 1.52
97 1.4
98 1.35
99 1.3
100 1.18
101 1.2
102 1.15
103 1.02
104 1.01
105 1
