1 5.06
2 6.98
3 4.22
4 7.2
5 4.37
6 4.42
7 7.52
8 4.48
9 4.42
10 4.27
11 7.41
12 5.61
13 4.84
14 4.38
15 4.26
16 7.29
17 5.09
18 5.62
19 4.64
20 4.32
21 4.25
22 7.46
23 5.33
24 5.32
25 5.61
26 4.6
27 4.32
28 4.25
29 7.44
30 5.51
31 5.5
32 5.32
33 5.41
34 4.57
35 4.33
36 4.24
37 7.43
38 5.45
39 5.56
40 5.21
41 5.1
42 5.27
43 4.54
44 4.33
45 4.24
46 7.5
47 5.46
48 5.65
49 5.5
50 5.1
51 5.03
52 5.14
53 4.52
54 4.33
55 4.23
56 7.44
57 5.44
58 5.59
59 5.43
60 5.27
61 4.95
62 4.94
63 5.12
64 4.54
65 4.34
66 4.23
67 7.47
68 5.42
69 5.6
70 5.41
71 5.23
72 5.17
73 4.94
74 4.95
75 5.1
76 4.52
77 4.34
78 4.23
79 7.45
80 5.46
81 5.61
82 5.48
83 5.28
84 5.13
85 5.1
86 4.9
87 4.96
88 5.09
89 4.51
90 4.35
91 4.23
92 7.36
93 5.38
94 5.52
95 5.32
96 5.21
97 5.1
98 5.04
99 5.01
100 4.81
101 4.88
102 5.03
103 4.48
104 4.34
105 4.23
