#       flow   flowType   src   dst            time         throughput

           0        tcp     0    14         1.21671            56.7016
           0        tcp     0    14         1.42379            158.243
           0        tcp     0    14         1.65083            126.282
           0        tcp     0    14         1.85314            141.725
           0        tcp     0    14         2.06788            152.598
           0        tcp     0    14         2.27713            156.598
           0        tcp     0    14         2.50573            161.253
           0        tcp     0    14         2.71042            160.093
           0        tcp     0    14         2.92879            131.295
           0        tcp     0    14         3.13324             120.21
           0        tcp     0    14         3.34661            115.177
           0        tcp     0    14         3.54753            142.703
           0        tcp     0    14         3.77682            125.048
           0        tcp     0    14         4.00865            141.345
           0        tcp     0    14         4.21296            160.382
           0        tcp     0    14         4.42252            136.821
           0        tcp     0    14         4.64989            144.116
           0        tcp     0    14         4.86149            135.502
           0        tcp     0    14          5.0715            156.032
           0        tcp     0    14         5.29986            143.491
           0        tcp     0    14          5.5213            147.982
           0        tcp     0    14         5.73681            152.047
           0        tcp     0    14         5.95397            150.892
           0        tcp     0    14          6.1717            150.502
           0        tcp     0    14         6.38761            151.761
           0        tcp     0    14         6.59677            156.669
           0        tcp     0    14         6.80454            137.997
           0        tcp     0    14         7.01697            154.257
           0        tcp     0    14         7.22416            158.151
           0        tcp     0    14         7.44335            149.499
           0        tcp     0    14           7.649             139.42
           0        tcp     0    14          7.8536            160.151
           0        tcp     0    14         8.07014            151.331
           0        tcp     0    14         8.28776            150.574
           0        tcp     0    14         8.50244            133.553
           0        tcp     0    14         8.70371             162.81
           0        tcp     0    14          8.9285            163.994
           0        tcp     0    14         9.14831            130.436
           0        tcp     0    14         9.37281            145.964
           0        tcp     0    14         9.57415            142.407
           0        tcp     0    14         9.77923            159.776
           0        tcp     0    14         9.98833            137.126
           0        tcp     0    14         10.1982             156.15
           0        tcp     0    14         10.4058            138.102
           0        tcp     0    14         10.6202            133.745
           0        tcp     0    14         10.8263            139.124
           0        tcp     0    14         11.0342            157.587
           0        tcp     0    14         11.2502            151.666
           0        tcp     0    14         11.4798            142.726
           0        tcp     0    14         11.6934             153.46
           0        tcp     0    14         11.8996            139.014
           0        tcp     0    14         12.1045            159.953
           0        tcp     0    14         12.3231             149.85
           0        tcp     0    14         12.5381            152.418
           0        tcp     0    14         12.7612            146.867
           0        tcp     0    14         12.9698             157.13
           0        tcp     0    14         13.1751            139.648
           0        tcp     0    14         13.3981            146.973
           0        tcp     0    14         13.6148            151.196
           0        tcp     0    14         13.8191            140.353
           0        tcp     0    14         14.0258            158.525
           0        tcp     0    14          14.244             150.15
           0        tcp     0    14         14.4652            148.132
           0        tcp     0    14         14.6872            147.628
           0        tcp     0    14         14.9154            143.607
           0        tcp     0    14         15.1228            138.198
           0        tcp     0    14         15.3277            159.983
           0        tcp     0    14         15.5352            157.852
           0        tcp     0    14         15.7531            150.414
           0        tcp     0    14         15.9658            154.014
           0        tcp     0    14          16.183            150.904
           0        tcp     0    14         16.3839              142.7
           0        tcp     0    14         16.6059            147.627
           0        tcp     0    14         16.8272            166.539
           0        tcp     0    14         17.0418            171.832
           0        tcp     0    14         17.2511            156.557
           0        tcp     0    14         17.4553            140.411
           0        tcp     0    14         17.6779            147.184
           0        tcp     0    14         17.8908             134.67
           0        tcp     0    14         19.1693            25.6304
           0        tcp     0    14         19.4127            117.817
           0        tcp     0    14         19.6415            89.5027
           0        tcp     0    14         19.8828            84.8633
           0        tcp     0    14         20.1166            87.5815
           0        tcp     0    14         20.3502            87.6858
           0        tcp     0    14         20.5849            87.2782
           0        tcp     0    14         20.8235            85.8206
           0        tcp     0    14         21.0553            88.3404
           0        tcp     0    14         21.2935            85.9861
           0        tcp     0    14          21.529            86.9654
           0        tcp     0    14         21.7626            87.6615
           0        tcp     0    14          22.003            85.2157
           0        tcp     0    14         22.2356            88.0459
           0        tcp     0    14         22.4721             86.578
           0        tcp     0    14         22.7082            86.7363
           0        tcp     0    14          22.941            88.0005
           0        tcp     0    14         23.1756            87.2886
           0        tcp     0    14         23.4114            86.8339
           0        tcp     0    14         23.6522            85.0602
           0        tcp     0    14         23.8838             88.419
           0        tcp     0    14         24.1191            87.0601
           0        tcp     0    14         24.3524            87.7828
           0        tcp     0    14         24.5909            85.8588
           0        tcp     0    14         24.8241             87.831
           0        tcp     0    14         25.0669             84.337
           0        tcp     0    14         25.2976            88.7787
           0        tcp     0    14          25.532            87.3845
           0        tcp     0    14         25.7751            84.2381
           0        tcp     0    14         25.9882            134.543
           0        tcp     0    14         26.2042              151.7
           0        tcp     0    14         26.4197            133.036
           0        tcp     0    14         26.6276            137.954
           0        tcp     0    14         26.8374            156.179
           0        tcp     0    14         27.0531            151.887
           0        tcp     0    14         27.2554            141.729
           0        tcp     0    14          27.473            150.615
           0        tcp     0    14         27.7034            142.184
           0        tcp     0    14         27.9086            139.755
           0        tcp     0    14         28.1155            158.404
           0        tcp     0    14         28.3271              135.5
           0        tcp     0    14         28.5746            99.2668
           0        tcp     0    14         28.7774            161.577
           0        tcp     0    14         28.9859            137.531
           0        tcp     0    14         29.2009            152.386
           0        tcp     0    14          29.401            143.285
           0        tcp     0    14          29.619            150.336
           0        tcp     0    14         29.8369            150.391
           0        tcp     0    14         30.0499            153.827
           0        tcp     0    14         30.2719            147.636
           0        tcp     0    14         30.5244            129.757
           0        tcp     0    14         30.7357            155.049
           0        tcp     0    14         30.9519            151.622
           0        tcp     0    14         31.1698            150.316
           0        tcp     0    14         31.3857            151.842
           0        tcp     0    14         31.5887            141.199
           0        tcp     0    14         31.7896            163.155
           0        tcp     0    14         32.0037            133.884
           0        tcp     0    14         32.2051            162.731
           0        tcp     0    14         32.4153            155.876
           0        tcp     0    14         32.7333            103.027
           0        tcp     0    14         32.9732            136.622
           0        tcp     0    14         34.1366             17.604
           0        tcp     0    14         34.3456            156.753
           0        tcp     0    14         34.5529            158.043
           0        tcp     0    14         34.7754            147.301
           0        tcp     0    14         34.9912            132.875
           0        tcp     0    14         35.2029            154.756
           0        tcp     0    14         35.4164            134.322
           0        tcp     0    14         35.6202            160.743
           0        tcp     0    14         35.8277            157.928
           0        tcp     0    14         36.0288            142.613
           0        tcp     0    14         36.2393            155.606
           0        tcp     0    14         36.4521            154.006
           0        tcp     0    14         36.6778            145.202
           0        tcp     0    14         36.9022            146.017
           0        tcp     0    14          37.114            135.405
           0        tcp     0    14         37.3287            152.556
           0        tcp     0    14         37.5593            142.121
           0        tcp     0    14          38.668            29.5554
           0        tcp     0    14         38.9556            128.159
           0        tcp     0    14         39.1747            149.574
           0        tcp     0    14         39.3774            161.702
           0        tcp     0    14         39.5785            162.887
           0        tcp     0    14         39.7871             137.45
           0        tcp     0    14         40.0083            148.169
           0        tcp     0    14         40.2109             141.52
           0        tcp     0    14          40.446            139.398
           0        tcp     0    14         40.6647            149.819
           0        tcp     0    14         40.8842            130.585
           0        tcp     0    14         41.0964            154.434
           0        tcp     0    14         41.3155            130.875
           0        tcp     0    14         41.5314            170.778
           0        tcp     0    14         42.1507            26.4526
           0        tcp     0    14         42.3568            159.037
           0        tcp     0    14         42.5766            149.096
           0        tcp     0    14         42.8028             144.82
           0        tcp     0    14         43.0234            167.115
           0        tcp     0    14         43.2349            154.921
           0        tcp     0    14         43.4569             147.59
           0        tcp     0    14         43.6724            152.077
           0        tcp     0    14          43.891            149.922
           0        tcp     0    14         44.1127            147.776
           0        tcp     0    14         44.3355            165.482
           0        tcp     0    14         44.5377            141.805
           0        tcp     0    14         45.1437            6.75913
           0        tcp     0    14         45.3593            132.963
           0        tcp     0    14         45.5614            101.366
           0        tcp     0    14         45.7863            91.0397
           0        tcp     0    14         46.0059            93.2564
           0        tcp     0    14         46.2177             96.699
           0        tcp     0    14         46.4309            134.482
           0        tcp     0    14         46.6402            137.031
           0        tcp     0    14         46.8641            146.348
           0        tcp     0    14         47.0648            163.232
           0        tcp     0    14         47.2706            159.265
           0        tcp     0    14         47.4905            130.386
           0        tcp     0    14         47.7045            153.084
           0        tcp     0    14         47.9173            153.984
           0        tcp     0    14         48.1202            141.338
           0        tcp     0    14         48.4597            96.4976
           0        tcp     0    14         48.6772            150.654
           0        tcp     0    14         48.8937            170.306
           0        tcp     0    14         49.1112            150.689
           0        tcp     0    14         49.3291             131.53
           0        tcp     0    14         49.5577            143.355
           0        tcp     0    14         49.7636            159.165
           0        tcp     0    14         49.9651             142.27
           0        tcp     0    14         50.1881            146.947
           0        tcp     0    14         50.4089            166.984
           0        tcp     0    14         50.6309            147.579
           0        tcp     0    14         50.8547             146.43
           0        tcp     0    14         51.0758            129.682
           0        tcp     0    14         51.2814             159.38
           0        tcp     0    14         51.5001            149.859
           0        tcp     0    14         51.7312             141.76
           0        tcp     0    14         51.9378            138.754
           0        tcp     0    14          52.153            152.271
           0        tcp     0    14         52.3716            149.896
           0        tcp     0    14          52.577            119.698
           0        tcp     0    14         52.7913            172.019
           0        tcp     0    14         52.9955            140.366
           0        tcp     0    14         53.2109            133.108
           0        tcp     0    14          53.425            133.941
           0        tcp     0    14         53.6463             148.05
           0        tcp     0    14         53.8572            155.395
           0        tcp     0    14         54.0908            140.289
           0        tcp     0    14         54.3172            144.732
           0        tcp     0    14         54.5572            136.505
           0        tcp     0    14         54.7697            154.236
           0        tcp     0    14          54.987            150.804
           0        tcp     0    14         55.1969            136.592
           0        tcp     0    14         55.4195            147.217
           0        tcp     0    14         55.6354            151.754
           0        tcp     0    14         55.8522            151.132
           0        tcp     0    14         56.0765            146.089
           0        tcp     0    14         56.2854            156.836
           0        tcp     0    14         56.5117            144.845
           0        tcp     0    14         56.7188            138.404
           0        tcp     0    14         56.9203            162.646
           0        tcp     0    14         57.1289            157.055
           0        tcp     0    14         57.3384            156.465
           0        tcp     0    14         57.5571            149.792
           0        tcp     0    14          57.771            134.076
           0        tcp     0    14         57.9943            165.048
           0        tcp     0    14         58.2132            130.988
           0        tcp     0    14         58.4357            147.284
           0        tcp     0    14         58.6664            142.024
           0        tcp     0    14         58.8672            142.808
           0        tcp     0    14         59.0789            154.805
           0        tcp     0    14          59.285            158.961
           0        tcp     0    14         59.4892            140.391
           0        tcp     0    14          59.704            152.581
           0        tcp     0    14         59.9344            142.233
           0        tcp     0    14         60.1384            140.508
           0        tcp     0    14         60.3478            176.073
           0        tcp     0    14         60.5714            146.573
           0        tcp     0    14         60.7731            162.452
           0        tcp     0    14         60.9916            149.924
           0        tcp     0    14         61.1967            159.812
           0        tcp     0    14         61.4297            140.603
           0        tcp     0    14         61.6444            133.588
           0        tcp     0    14         61.8555            155.156
           0        tcp     0    14         62.0753              149.1
           0        tcp     0    14         62.2883            153.877
           0        tcp     0    14         62.4994            155.191
           0        tcp     0    14         62.7184            168.361
           0        tcp     0    14         62.9319            134.302
           0        tcp     0    14         63.1586            144.529
           0        tcp     0    14         63.3875            161.014
           0        tcp     0    14         63.6086            148.251
           0        tcp     0    14         63.8155            138.546
           0        tcp     0    14         64.0186            141.193
           0        tcp     0    14         64.2434            145.733
           0        tcp     0    14         64.4555            154.506
           0        tcp     0    14         64.6579            141.698
           0        tcp     0    14         64.8691            155.129
           0        tcp     0    14         65.0966            144.035
           0        tcp     0    14         65.3058            137.046
           0        tcp     0    14         65.5273            147.926
           0        tcp     0    14         65.7488            147.982
           0        tcp     0    14         65.9697            166.809
           0        tcp     0    14          66.173            161.216
           0        tcp     0    14         66.3824            156.477
           0        tcp     0    14         66.6155            140.575
           0        tcp     0    14         66.8296            153.081
           0        tcp     0    14         67.0476            150.299
           0        tcp     0    14         67.2495            141.992
           0        tcp     0    14         67.4527            80.6167
           0        tcp     0    14         67.6611            137.618
           0        tcp     0    14         67.8797             149.92
           0        tcp     0    14          68.085            159.608
           0        tcp     0    14          68.285            122.863
           0        tcp     0    14         68.5101            145.572
           0        tcp     0    14         68.7298            149.111
           0        tcp     0    14         68.9433            153.493
           0        tcp     0    14         69.1492            159.194
           0        tcp     0    14         69.3508            162.542
           0        tcp     0    14         69.5585            157.754
           0        tcp     0    14         69.7746            151.624
           0        tcp     0    14         69.9964            147.708
           0        tcp     0    14         70.2005            140.496
           0        tcp     0    14         70.4274            144.412
           0        tcp     0    14         70.6475            130.285
           0        tcp     0    14         70.8688            166.607
           0        tcp     0    14         71.0748            159.006
           0        tcp     0    14         71.2974            147.202
           0        tcp     0    14         71.5319            139.739
           0        tcp     0    14          71.737            139.797
           0        tcp     0    14         71.9575            148.614
           0        tcp     0    14         72.1748            150.836
           0        tcp     0    14         72.3867            154.631
           0        tcp     0    14         72.6009            133.849
           0        tcp     0    14         72.8082            138.336
           0        tcp     0    14         73.0099            142.088
           0        tcp     0    14         73.2337            146.426
           0        tcp     0    14         73.4596            145.082
           0        tcp     0    14         73.6819            128.971
           0        tcp     0    14         73.9041            147.473
           0        tcp     0    14         74.1602             79.959
           0        tcp     0    14         74.3745            152.911
           0        tcp     0    14         74.5767            162.043
           0        tcp     0    14          74.795             150.12
           0        tcp     0    14         74.9985            140.903
           0        tcp     0    14         75.2217            146.841
           0        tcp     0    14         75.4393            169.344
           0        tcp     0    14         75.6511            154.777
           0        tcp     0    14          75.871            167.575
           0        tcp     0    14         76.1062            139.359
           0        tcp     0    14         76.3072            142.637
           0        tcp     0    14          76.523            151.859
           0        tcp     0    14         76.7667            50.4166
           0        tcp     0    14         76.9706              140.6
           0        tcp     0    14         77.1814            155.467
           0        tcp     0    14         77.4007            149.446
           0        tcp     0    14         77.6157            152.413
           0        tcp     0    14         77.8187            141.178
           0        tcp     0    14         78.0456            144.427
           0        tcp     0    14         78.2625              151.1
           0        tcp     0    14         78.4633            142.758
           0        tcp     0    14         78.6682            159.956
           0        tcp     0    14         78.8918            146.568
           0        tcp     0    14         79.1166            145.749
           0        tcp     0    14          79.345            161.366
           0        tcp     0    14          79.566            148.308
           0        tcp     0    14         79.7869            148.291
           0        tcp     0    14         79.9998            153.978
           0        tcp     0    14         80.2303            142.136
           0        tcp     0    14         80.4464            151.655
           0        tcp     0    14         80.6628            151.421
           0        tcp     0    14         80.8758            153.821
           0        tcp     0    14         81.0845            137.408
           0        tcp     0    14         81.2886            140.477
           0        tcp     0    14         81.5098            148.134
           0        tcp     0    14         81.7343            145.922
           0        tcp     0    14         81.9469            134.903
           0        tcp     0    14         82.1598             153.88
           0        tcp     0    14         82.3682            137.616
           0        tcp     0    14         82.5938            145.208
           0        tcp     0    14         82.8146            148.416
           0        tcp     0    14         83.0188            140.386
           0        tcp     0    14         83.2305             154.82
           0        tcp     0    14         83.4545            146.269
           0        tcp     0    14         83.6647            155.876
           0        tcp     0    14         83.8783            153.474
           0        tcp     0    14         84.1075            142.961
           0        tcp     0    14         84.3242            151.183
           0        tcp     0    14         84.5391            152.519
           0        tcp     0    14         84.7459            158.401
           0        tcp     0    14         84.9589            153.825
           0        tcp     0    14         85.1625            140.865
           0        tcp     0    14         85.3669            160.333
           0        tcp     0    14         85.5975            124.337
           0        tcp     0    14         85.8106            153.734
           0        tcp     0    14         86.0261            152.026
           0        tcp     0    14         86.2397            134.245
           0        tcp     0    14          86.456            151.517
           0        tcp     0    14         86.6603            140.344
           0        tcp     0    14         86.8812             148.31
           0        tcp     0    14          87.082            142.778
           0        tcp     0    14         87.2892            138.434
           0        tcp     0    14         87.5084            149.439
           0        tcp     0    14         87.7293            148.392
           0        tcp     0    14         87.9343            159.804
           0        tcp     0    14          88.149            133.577
           0        tcp     0    14          88.369            148.905
           0        tcp     0    14         88.5693             143.15
           0        tcp     0    14         88.7915            147.453
           0        tcp     0    14         88.9988            158.136
           0        tcp     0    14         89.2126            134.089
           0        tcp     0    14         89.4151             161.78
           0        tcp     0    14         89.6257            155.643
           0        tcp     0    14           89.83            140.318
           0        tcp     0    14          90.031            163.039
           0        tcp     0    14         90.2497            149.821
           0        tcp     0    14          90.451            162.742
           0        tcp     0    14          90.656            139.892
           0        tcp     0    14         90.8738            150.422
           0        tcp     0    14         91.0797            139.277
           0        tcp     0    14          91.287            158.053
           0        tcp     0    14         91.5056            168.692
           0        tcp     0    14         91.7366            141.831
           0        tcp     0    14         91.9463            136.742
           0        tcp     0    14         92.1512            159.933
           0        tcp     0    14         92.3553            160.522
           0        tcp     0    14         92.5636            137.638
           0        tcp     0    14          92.777            153.552
           0        tcp     0    14         93.0018             145.75
           0        tcp     0    14         93.2323            142.182
           0        tcp     0    14         93.4702            137.731
           0        tcp     0    14         93.6764            158.949
           0        tcp     0    14         93.8951            149.773
           0        tcp     0    14         94.1031             157.55
           0        tcp     0    14         94.3157            154.142
           0        tcp     0    14         94.5358            148.907
           0        tcp     0    14         94.7455            156.268
           0        tcp     0    14         94.9766            141.789
           0        tcp     0    14         95.2024            163.221
           0        tcp     0    14         95.4199              150.7
           0        tcp     0    14         95.6201            143.151
           0        tcp     0    14         95.8291            156.786
           0        tcp     0    14         96.0316             141.64
           0        tcp     0    14         96.2361            160.212
           0        tcp     0    14         96.4494              134.4
           0        tcp     0    14         96.6669             75.333
           0        tcp     0    14         96.8732            158.891
           0        tcp     0    14         97.0981            163.894
           0        tcp     0    14         97.2997            142.222
           0        tcp     0    14         97.5174            150.536
           0        tcp     0    14          97.742            145.851
           0        tcp     0    14         97.9502            137.761
           0        tcp     0    14         98.1671            151.018
           0        tcp     0    14         98.4335            107.644
           0        tcp     0    14         98.6369            161.131
           0        tcp     0    14         98.8616            145.771
           0        tcp     0    14         99.0682            158.625
           0        tcp     0    14         99.2715            161.193
           0        tcp     0    14         99.4873            132.888
           0        tcp     0    14         99.6939              158.6
           0        tcp     0    14         99.9127             149.74
           0        tcp     0    14         100.113            163.317
           0        tcp     0    14          100.34            144.485
           0        tcp     0    14         100.541            142.623
           0        tcp     0    14         100.766            145.942
           0        tcp     0    14         100.984            150.114
           0        tcp     0    14         101.186            141.839
           0        tcp     0    14         101.423             138.22
           0        tcp     0    14          101.63            138.622
           0        tcp     0    14         101.843            153.637
           0        tcp     0    14          102.06            150.894
           0        tcp     0    14         102.284            146.315
           0        tcp     0    14         102.504            130.686
           0        tcp     0    14         102.719            152.314
           0        tcp     0    14          102.94            148.471
           0        tcp     0    14         103.149            156.699
           0        tcp     0    14         103.359            155.981
           0        tcp     0    14         103.563            140.357
           0        tcp     0    14         103.788            145.693
           0        tcp     0    14         104.002            153.392
           0        tcp     0    14         104.224            165.508
           0        tcp     0    14         104.428            141.124
           0        tcp     0    14         104.632            160.455
           0        tcp     0    14         104.839            158.214
           0        tcp     0    14         105.039            143.249
           0        tcp     0    14         105.243            160.364
           0        tcp     0    14         105.444            142.658
           0        tcp     0    14         105.663             75.089
           0        tcp     0    14         105.867            160.132
           0        tcp     0    14         106.073            119.177
           0        tcp     0    14         106.274            143.128
           0        tcp     0    14         106.475            142.724
           0        tcp     0    14         106.675            143.014
           0        tcp     0    14         106.882            138.688
           0        tcp     0    14         107.101            149.369
           0        tcp     0    14         107.328            162.657
           0        tcp     0    14          107.55             147.36
           0        tcp     0    14         108.655            18.5323
           0        tcp     0    14         108.859            161.228
           0        tcp     0    14         109.073             133.95
           0        tcp     0    14         109.275            162.043
           0        tcp     0    14         109.493            168.795
           0        tcp     0    14          109.71            151.231
           0        tcp     0    14         109.923            154.068
           0        tcp     0    14         110.143            148.608
           0        tcp     0    14         110.353            156.084
           0        tcp     0    14         110.568            152.366
           0        tcp     0    14         110.776            138.122
           0        tcp     0    14         110.997            147.788
           0        tcp     0    14          111.21            134.761
           0        tcp     0    14          111.42             156.02
           0        tcp     0    14         111.639            149.909
           0        tcp     0    14         111.845            159.213
           0        tcp     0    14         112.051            139.135
           0        tcp     0    14         112.274            146.951
           0        tcp     0    14         112.491            132.065
           0        tcp     0    14          112.71            149.316
           0        tcp     0    14         112.941             141.95
           0        tcp     0    14         113.154            153.833
           0        tcp     0    14         113.371             150.83
           0        tcp     0    14         113.588            132.547
           0        tcp     0    14          113.79             161.53
           0        tcp     0    14         114.002            155.133
           0        tcp     0    14         114.214            154.595
           0        tcp     0    14         114.425            155.387
           0        tcp     0    14         114.649            146.063
           0        tcp     0    14          114.87            148.145
           0        tcp     0    14         115.075            160.184
           0        tcp     0    14         115.292            131.819
           0        tcp     0    14         115.511            149.843
           0        tcp     0    14         115.742            141.736
           0        tcp     0    14         115.954            154.589
           0        tcp     0    14         116.159            159.977
           0        tcp     0    14         116.385            144.841
           0        tcp     0    14         116.618            140.508
           0        tcp     0    14         116.819            143.082
           0        tcp     0    14         117.034            152.284
           0        tcp     0    14         117.234            143.184
           0        tcp     0    14         117.444            155.784
           0        tcp     0    14         117.673            143.126
           0        tcp     0    14         117.912            154.451
           0        tcp     0    14         118.139            144.297
           0        tcp     0    14         118.368            125.066
           0        tcp     0    14         118.574            139.187
           0        tcp     0    14         118.796            166.116
           0        tcp     0    14         119.002            159.371
           0        tcp     0    14         119.225            146.658
           0        tcp     0    14         119.428            161.555
           0        tcp     0    14         119.649             129.92
           0        tcp     0    14         119.875            144.922
           0        tcp     0    14           120.1            145.812
           0        tcp     0    14         120.326            144.993
           0        tcp     0    14         120.535            156.389
           0        tcp     0    14         120.747            154.489
           0        tcp     0    14         120.966            168.911
           0        tcp     0    14         121.179            134.575
           0        tcp     0    14         121.386            158.096
           0        tcp     0    14         121.595            156.342
           0        tcp     0    14         121.815            148.944
           0        tcp     0    14         122.034            150.023
           0        tcp     0    14         122.243            156.557
           0        tcp     0    14          122.45            138.738
           0        tcp     0    14         122.653            141.332
           0        tcp     0    14          122.87            150.577
           0        tcp     0    14         123.099            143.501
           0        tcp     0    14         123.428            99.5158
           0        tcp     0    14         123.647            149.913
           0        tcp     0    14         123.858            155.057
           0        tcp     0    14         124.087            142.834
           0        tcp     0    14         124.295            157.898
           0        tcp     0    14         124.525            142.212
           0        tcp     0    14         124.734            156.839
           0        tcp     0    14         124.968            140.052
           0        tcp     0    14         125.177            156.565
           0        tcp     0    14         125.388             155.76
           0        tcp     0    14          125.61            147.717
           0        tcp     0    14          125.82            155.835
           0        tcp     0    14         126.036            151.592
           0        tcp     0    14         126.268            141.474
           0        tcp     0    14         126.473            139.559
           0        tcp     0    14         126.687            153.005
           0        tcp     0    14         126.928            136.399
           0        tcp     0    14         127.131            140.726
           0        tcp     0    14         127.339             138.16
           0        tcp     0    14         127.547            157.738
           0        tcp     0    14         127.767            148.907
           0        tcp     0    14         127.977            155.788
           0        tcp     0    14         128.179            141.844
           0        tcp     0    14         128.409            71.1336
           0        tcp     0    14         128.633            146.349
           0        tcp     0    14         128.852            168.715
           0        tcp     0    14         129.071            130.797
           0        tcp     0    14         129.288            151.133
           0        tcp     0    14         129.509            148.298
           0        tcp     0    14         129.723            153.184
           0        tcp     0    14         129.942             149.72
           0        tcp     0    14         130.174            141.132
           0        tcp     0    14         130.386            154.403
           0        tcp     0    14         130.594            157.498
           0        tcp     0    14         130.799            159.706
           0        tcp     0    14         131.003            141.013
           0        tcp     0    14         131.217            152.893
           0        tcp     0    14         131.432            171.236
           0        tcp     0    14         131.643            155.664
           0        tcp     0    14         131.845            141.629
           0        tcp     0    14          132.05            160.169
           0        tcp     0    14         132.277            144.402
           0        tcp     0    14         132.479            161.656
           0        tcp     0    14         132.697            150.804
           0        tcp     0    14           132.9            141.273
           0        tcp     0    14         133.136            138.769
           0        tcp     0    14         133.345            156.666
           0        tcp     0    14         133.584             136.97
           0        tcp     0    14           133.8            152.018
           0        tcp     0    14         134.012            154.034
           0        tcp     0    14         134.218            139.745
           0        tcp     0    14         134.447            160.889
           0        tcp     0    14         134.651            139.992
           0        tcp     0    14         134.862            155.944
           0        tcp     0    14         135.078            132.253
           0        tcp     0    14         135.288            156.162
           0        tcp     0    14          135.49            141.994
           0        tcp     0    14         135.705            152.585
           0        tcp     0    14         135.933            143.861
           0        tcp     0    14         136.153            167.201
           0        tcp     0    14         136.362            137.515
           0        tcp     0    14         136.701            84.4453
           0        tcp     0    14         136.922             148.67
           0        tcp     0    14         137.139            150.943
           0        tcp     0    14         137.351            154.288
           0        tcp     0    14         137.573            147.789
           0        tcp     0    14         137.778            159.941
           0        tcp     0    14         138.001            146.536
           0        tcp     0    14         138.208            138.762
           0        tcp     0    14         138.411            141.164
           0        tcp     0    14         138.611            163.713
           0        tcp     0    14         138.834            147.247
           0        tcp     0    14         139.037            141.088
           0        tcp     0    14         139.242             159.53
           0        tcp     0    14         139.462            167.514
           0        tcp     0    14         139.698            139.028
           0        tcp     0    14         139.925             144.26
           0        tcp     0    14         140.141             151.55
           0        tcp     0    14         140.349            138.101
           0        tcp     0    14         140.554             159.67
           0        tcp     0    14         140.756            162.079
           0        tcp     0    14         140.975            149.961
           0        tcp     0    14         141.197            166.387
           0        tcp     0    14         141.417            148.487
           0        tcp     0    14         141.621            160.488
           0        tcp     0    14         141.835            153.493
           0        tcp     0    14         142.073            120.596
           0        tcp     0    14         142.285            154.093
           0        tcp     0    14         142.509            146.592
           0        tcp     0    14         142.734            145.684
           0        tcp     0    14         142.962            143.504
           0        tcp     0    14         143.163            142.542
           0        tcp     0    14          144.15            4.15233
           0        tcp     0    14         144.365            133.389
           0        tcp     0    14         144.616            97.8938
           0        tcp     0    14          144.86            83.9516
           0        tcp     0    14         145.101            84.8865
           0        tcp     0    14         145.327            90.3993
           0        tcp     0    14         145.529            122.147
           0        tcp     0    14         145.748            130.651
           0        tcp     0    14          145.97              129.1
           0        tcp     0    14         146.182            135.492
           0        tcp     0    14         146.393            154.959
           0        tcp     0    14         146.604             155.46
           0        tcp     0    14         146.818            153.472
           0        tcp     0    14         147.038            166.974
           0        tcp     0    14         147.246            157.918
           0        tcp     0    14         147.468            147.451
           0        tcp     0    14          147.67            161.933
           0        tcp     0    14         147.877            158.715
           0        tcp     0    14         148.098            148.402
           0        tcp     0    14         148.301            141.197
           0        tcp     0    14         148.531            142.358
           0        tcp     0    14         148.743              135.5
           0        tcp     0    14         148.961            149.766
           0        tcp     0    14         149.178            170.199
           0        tcp     0    14         149.382            140.382
           0        tcp     0    14         149.584            162.596
           0        tcp     0    14         150.652            26.8413
           0        tcp     0    14         150.853            142.274
           0        tcp     0    14         151.064            155.539
           0        tcp     0    14          151.28             132.73
           0        tcp     0    14         151.483            141.039
           0        tcp     0    14           151.7            150.944
           0        tcp     0    14         151.908            138.333
           0        tcp     0    14         152.109            142.477
           0        tcp     0    14          152.33            129.448
           0        tcp     0    14         152.548             150.63
           0        tcp     0    14         152.762            153.116
           0        tcp     0    14         152.976            152.902
           0        tcp     0    14          153.19            153.708
           0        tcp     0    14          153.39            122.789
           0        tcp     0    14         153.624            156.997
           0        tcp     0    14         154.143            15.8085
           0        tcp     0    14         154.347            160.534
           0        tcp     0    14         154.571            109.388
           0        tcp     0    14         154.814            84.3867
           0        tcp     0    14         155.055            84.9082
           0        tcp     0    14         155.297            84.7259
           0        tcp     0    14         155.513            113.776
           0        tcp     0    14         155.718            119.644
           0        tcp     0    14         155.935            132.452
           0        tcp     0    14         156.144            137.087
           0        tcp     0    14         156.364            149.248
           0        tcp     0    14         156.583            149.341
           0        tcp     0    14         156.799            151.935
           0        tcp     0    14             157            163.126
           0        tcp     0    14         157.201            142.626
           0        tcp     0    14         157.423            147.451
           0        tcp     0    14         157.657            139.906
           0        tcp     0    14         157.884            162.564
           0        tcp     0    14         158.087            161.627
           0        tcp     0    14         158.311             145.81
           0        tcp     0    14         158.534            147.032
           0        tcp     0    14         158.743            156.851
           0        tcp     0    14          158.96            151.356
           0        tcp     0    14         159.169            156.137
           0        tcp     0    14         159.376            138.718
           0        tcp     0    14         159.594             150.42
           0        tcp     0    14         159.805            155.513
           0        tcp     0    14         160.026            166.646
           0        tcp     0    14         160.242            151.923
           0        tcp     0    14          160.45            157.576
           0        tcp     0    14          160.67            148.711
           0        tcp     0    14         160.881            155.321
           0        tcp     0    14         161.086            160.124
           0        tcp     0    14         161.296            155.552
           0        tcp     0    14          161.53            140.308
           0        tcp     0    14         161.732            161.596
           0        tcp     0    14         161.943            77.6589
           0        tcp     0    14         162.157            153.441
           0        tcp     0    14         162.366            157.176
           0        tcp     0    14         162.584            75.0917
           0        tcp     0    14         162.796            154.396
           0        tcp     0    14         163.009            154.131
           0        tcp     0    14         163.224            133.006
           0        tcp     0    14         163.446            147.976
           0        tcp     0    14         163.667            148.006
           0        tcp     0    14         163.884            151.075
           0        tcp     0    14         164.089            139.982
           0        tcp     0    14         164.306            151.005
           0        tcp     0    14         164.517            155.331
           0        tcp     0    14         164.718            142.725
           0        tcp     0    14         164.938            167.564
           0        tcp     0    14         165.151            153.678
           0        tcp     0    14          165.36            156.738
           0        tcp     0    14         165.566            138.942
           0        tcp     0    14         165.779            153.692
           0        tcp     0    14         165.984            140.365
           0        tcp     0    14         166.653            24.4901
           0        tcp     0    14          166.87            131.964
           0        tcp     0    14         167.071            142.265
           0        tcp     0    14         167.289            150.373
           0        tcp     0    14         167.496            138.479
           0        tcp     0    14         167.717            148.445
           0        tcp     0    14         167.918            162.865
           0        tcp     0    14         168.154             138.86
           0        tcp     0    14         168.378            146.357
           0        tcp     0    14         168.587            156.587
           0        tcp     0    14         168.798            135.914
           0        tcp     0    14         169.031            140.773
           0        tcp     0    14         169.274            134.995
           0        tcp     0    14         169.481            158.232
           0        tcp     0    14         169.702            148.381
           0        tcp     0    14         169.914              154.3
           0        tcp     0    14         170.117            161.304
           0        tcp     0    14         170.318            163.009
           0        tcp     0    14         170.532            134.198
           0        tcp     0    14         170.733            142.842
           0        tcp     0    14         170.945            154.259
           0        tcp     0    14         171.148             161.34
           0        tcp     0    14         171.377            143.554
           0        tcp     0    14         171.577            163.159
           0        tcp     0    14         171.785            137.951
           0        tcp     0    14         171.991            159.386
           0        tcp     0    14         172.193            141.928
           0        tcp     0    14         172.405            135.406
           0        tcp     0    14         172.628            146.341
           0        tcp     0    14         173.659              11.93
           0        tcp     0    14         173.878            130.772
           0        tcp     0    14         174.079            162.517
           0        tcp     0    14         174.301            148.081
           0        tcp     0    14         174.534            140.534
           0        tcp     0    14         174.745            155.103
           0        tcp     0    14         174.955            156.484
           0        tcp     0    14         175.171            132.722
           0        tcp     0    14         175.391            148.899
           0        tcp     0    14         175.592            162.878
           0        tcp     0    14         175.798            138.704
           0        tcp     0    14         176.011            134.945
           0        tcp     0    14         176.238            144.629
           0        tcp     0    14         176.439            142.221
           0        tcp     0    14         176.644            140.071
           0        tcp     0    14          176.87            145.182
           0        tcp     0    14         177.091            147.885
           0        tcp     0    14         177.305            153.361
           0        tcp     0    14         177.523             169.14
           0        tcp     0    14         177.747            146.356
           0        tcp     0    14          177.97            146.981
           0        tcp     0    14         178.269            95.7418
           0        tcp     0    14         178.473            160.337
           0        tcp     0    14         178.676             141.38
           0        tcp     0    14         178.897            148.158
           0        tcp     0    14         179.106            137.326
           0        tcp     0    14         179.322            132.806
           0        tcp     0    14          179.54            150.462
           0        tcp     0    14         179.753            153.755
           0        tcp     0    14         179.954            142.433
           0        tcp     0    14         180.175            148.173
           0        tcp     0    14         180.396            148.711
           0        tcp     0    14         180.619            146.458
           0        tcp     0    14         180.841            148.217
           0        tcp     0    14         181.041            163.412
           0        tcp     0    14          181.28            154.321
           0        tcp     0    14         181.495            152.317
           0        tcp     0    14         181.719            164.907
           0        tcp     0    14         181.928            156.375
           0        tcp     0    14         182.142            153.443
           0        tcp     0    14         182.351             137.21
           0        tcp     0    14         182.555            140.476
           0        tcp     0    14          182.76            160.071
           0        tcp     0    14         182.972            134.638
           0        tcp     0    14         183.196            165.069
           0        tcp     0    14         183.414            131.664
           0        tcp     0    14         183.642            161.691
           0        tcp     0    14         183.851            156.473
           0        tcp     0    14         184.061            136.659
           0        tcp     0    14         184.274            153.445
           0        tcp     0    14          184.48            159.071
           0        tcp     0    14         184.682            162.249
           0        tcp     0    14           184.9            150.657
           0        tcp     0    14         185.119            168.358
           0        tcp     0    14          185.33            154.771
           0        tcp     0    14         185.531            142.654
           0        tcp     0    14         186.656            25.4868
           0        tcp     0    14         186.876            130.762
           0        tcp     0    14         187.642            37.4013
           0        tcp     0    14         187.868            163.317
           0        tcp     0    14          188.07              142.3
           0        tcp     0    14         188.273             140.74
           0        tcp     0    14         188.488            152.847
           0        tcp     0    14         188.696            157.057
           0        tcp     0    14         188.911            133.397
           0        tcp     0    14         189.128             151.35
           0        tcp     0    14         189.352            146.332
           0        tcp     0    14         189.559            138.478
           0        tcp     0    14         189.766            138.628
           0        tcp     0    14         189.991            145.367
           0        tcp     0    14         190.192            142.869
           0        tcp     0    14         190.395              141.3
           0        tcp     0    14         191.151            27.0649
           0        tcp     0    14         191.385             157.72
           0        tcp     0    14         191.589            160.335
           0        tcp     0    14         191.814            163.996
           0        tcp     0    14         192.024            136.385
           0        tcp     0    14         192.243            149.694
           0        tcp     0    14         192.443            143.184
           0        tcp     0    14         192.658            152.641
           0        tcp     0    14         193.655            4.11092
           0        tcp     0    14         193.861             138.81
           0        tcp     0    14         194.073            154.806
           0        tcp     0    14         194.283            155.803
           0        tcp     0    14         194.494            136.075
           0        tcp     0    14         194.713            149.636
           0        tcp     0    14         194.929            132.876
           0        tcp     0    14         195.151            165.486
           0        tcp     0    14         195.357            139.112
           0        tcp     0    14         195.576            149.757
           0        tcp     0    14         195.801            145.635
           0        tcp     0    14         196.009            137.821
           0        tcp     0    14         196.224            152.526
           0        tcp     0    14         196.425            142.527
           0        tcp     0    14         196.632            158.642
           0        tcp     0    14          196.86            143.323
           0        tcp     0    14          197.08            148.978
           0        tcp     0    14         197.281            143.082
           0        tcp     0    14         197.498            151.159
           0        tcp     0    14         197.707            156.154
           0        tcp     0    14         197.919            154.633
           0        tcp     0    14         198.134            152.778
           0        tcp     0    14         198.339            139.494
           0        tcp     0    14         198.545            139.229
           0        tcp     0    14         198.754            156.705
           0        tcp     0    14         198.959            160.508
           0        tcp     0    14         199.178             149.13
           0        tcp     0    14         199.397            149.538
           0        tcp     0    14         199.611            153.355
           0        tcp     0    14          199.82            156.631
           0        tcp     0    14         200.031            155.308
           0        tcp     0    14         200.254            147.373
           0        tcp     0    14         200.455            162.557
           0        tcp     0    14         200.667            135.223
           0        tcp     0    14          200.87            161.725
           0        tcp     0    14         201.078            137.999
           0        tcp     0    14         201.297            168.291
           0        tcp     0    14         201.497            143.025
           0        tcp     0    14         201.708            155.747
           0        tcp     0    14         201.908            163.628
           0        tcp     0    14         202.119            155.064
           0        tcp     0    14          202.33            135.874
           0        tcp     0    14         202.532            162.512
           0        tcp     0    14          202.75            131.475
           0        tcp     0    14         202.974            145.953
           0        tcp     0    14         203.181            158.266
           0        tcp     0    14         204.152            21.0984
           0        tcp     0    14         204.355            141.145
           0        tcp     0    14         204.556            163.255
           0        tcp     0    14         204.757            162.963
           0        tcp     0    14         204.961            140.863
           0        tcp     0    14         205.184            146.734
           0        tcp     0    14         205.417            158.332
           0        tcp     0    14         205.626             156.33
           0        tcp     0    14         205.836            136.742
           0        tcp     0    14         206.069            140.686
           0        tcp     0    14         206.284            133.548
           0        tcp     0    14         206.485            142.698
           0        tcp     0    14         206.706            147.757
           0        tcp     0    14         206.912            159.237
           0        tcp     0    14         207.116            120.599
           0        tcp     0    14         208.167             23.385
           0        tcp     0    14         208.379            154.308
           0        tcp     0    14         208.599            130.138
           0        tcp     0    14         208.813            153.133
           0        tcp     0    14         209.023             136.61
           0        tcp     0    14         209.242            149.517
           0        tcp     0    14         209.469            144.851
           0        tcp     0    14         209.671            142.069
           0        tcp     0    14         210.641            8.44322
           0        tcp     0    14         210.845            160.457
           0        tcp     0    14         211.062            94.4527
           0        tcp     0    14         211.292            106.809
           0        tcp     0    14         211.525            105.657
           0        tcp     0    14         211.731             119.23
           0        tcp     0    14         211.931            122.865
           0        tcp     0    14         212.667            11.1263
           0        tcp     0    14         212.893            126.756
           0        tcp     0    14         213.101            78.9688
           0        tcp     0    14         213.303            80.9323
           0        tcp     0    14         213.518            76.3175
           0        tcp     0    14          213.73            77.2985
           0        tcp     0    14         213.941            96.8524
           0        tcp     0    14          214.15            117.716
           0        tcp     0    14          214.36            116.735
           0        tcp     0    14         214.564            120.749
           0        tcp     0    14         214.784            130.094
           0        tcp     0    14          215.01            144.925
           0        tcp     0    14         215.216            139.319
           0        tcp     0    14         215.436            149.292
           0        tcp     0    14         215.656            148.874
           0        tcp     0    14         215.885            142.749
           0        tcp     0    14         216.115            160.806
           0        tcp     0    14         216.331            151.779
           0        tcp     0    14         216.538            157.594
           0        tcp     0    14         216.745            158.582
           0        tcp     0    14         216.958            154.053
           0        tcp     0    14         217.159            142.249
           0        tcp     0    14         217.373            153.717
           0        tcp     0    14         217.581            156.967
           0        tcp     0    14         217.787            159.542
           0        tcp     0    14         218.002            151.941
           0        tcp     0    14         218.215            154.111
           0        tcp     0    14         218.445            142.455
           0        tcp     0    14         218.664            149.808
           0        tcp     0    14         218.886            147.326
           0        tcp     0    14         219.094            157.557
           0        tcp     0    14         219.325             141.99
           0        tcp     0    14         219.573            98.9293
           0        tcp     0    14         219.778            140.019
           0        tcp     0    14         219.983            140.253
           0        tcp     0    14         220.206            128.028
           0        tcp     0    14         220.419            154.399
           0        tcp     0    14         220.642            147.015
           0        tcp     0    14         220.852              156.1
           0        tcp     0    14         221.072            148.827
           0        tcp     0    14         221.301            142.939
           0        tcp     0    14         221.502            142.646
           0        tcp     0    14         221.728            145.161
           0        tcp     0    14         221.947            149.516
           0        tcp     0    14         222.184             138.06
           0        tcp     0    14         222.394            155.978
           0        tcp     0    14         222.609            152.713
           0        tcp     0    14         222.819            136.163
           0        tcp     0    14         223.047             161.82
           0        tcp     0    14         223.268            148.468
           0        tcp     0    14         223.481            153.938
           0        tcp     0    14           223.7            149.463
           0        tcp     0    14         223.906            139.179
           0        tcp     0    14         224.119            154.222
           0        tcp     0    14         224.343            146.033
           0        tcp     0    14         224.545             141.66
           0        tcp     0    14         224.773             162.12
           0        tcp     0    14         224.984            154.892
           0        tcp     0    14         225.212            143.904
           0        tcp     0    14         225.417            139.598
           0        tcp     0    14          225.64             147.05
           0        tcp     0    14         225.843            141.251
           0        tcp     0    14         226.073            142.364
           0        tcp     0    14         226.276            161.936
           0        tcp     0    14         226.487            135.728
           0        tcp     0    14         226.716            160.773
           0        tcp     0    14         226.935            130.856
           0        tcp     0    14         227.156            148.423
           0        tcp     0    14         227.365            137.179
           0        tcp     0    14         227.592            144.152
           0        tcp     0    14           227.8            157.904
           0        tcp     0    14         228.017            150.701
           0        tcp     0    14         228.232              133.5
           0        tcp     0    14         228.443            155.281
           0        tcp     0    14         228.658            152.707
           0        tcp     0    14         228.862            140.617
           0        tcp     0    14         229.088            144.634
           0        tcp     0    14         229.308            149.058
           0        tcp     0    14         229.538            142.342
           0        tcp     0    14         229.743             160.01
           0        tcp     0    14         229.945            162.489
           0        tcp     0    14         230.164            149.699
           0        tcp     0    14         230.388            127.706
           0        tcp     0    14         231.147            5.39486
           0        tcp     0    14         231.364             170.37
           0        tcp     0    14         231.583             130.49
           0        tcp     0    14         231.803            148.945
           0        tcp     0    14         232.007            141.132
           0        tcp     0    14         232.227            148.578
           0        tcp     0    14         232.446            149.944
           0        tcp     0    14         232.675             142.93
           0        tcp     0    14         232.901            145.218
           0        tcp     0    14         233.103            141.946
           0        tcp     0    14         233.332            160.529
           0        tcp     0    14         233.545            134.739
           0        tcp     0    14         233.753                138
           0        tcp     0    14         233.971            149.894
           0        tcp     0    14         234.176            139.858
           0        tcp     0    14         234.389            153.855
           0        tcp     0    14         234.603            134.116
           0        tcp     0    14         234.807            161.059
           0        tcp     0    14         235.022            152.411
           0        tcp     0    14         235.226            160.432
           0        tcp     0    14         235.446            148.996
           0        tcp     0    14         235.661            151.938
           0        tcp     0    14         235.882            129.915
           0        tcp     0    14         236.105            147.222
           0        tcp     0    14         236.334            160.486
           0        tcp     0    14         236.553            149.805
           0        tcp     0    14         236.768            152.845
           0        tcp     0    14         236.982            152.511
           0        tcp     0    14         237.224            135.772
           0        tcp     0    14         237.453            142.941
           0        tcp     0    14         237.678             145.53
           0        tcp     0    14         237.893             133.68
           0        tcp     0    14         238.094            162.521
           0        tcp     0    14         238.313            149.728
           0        tcp     0    14         238.533            149.182
           0        tcp     0    14         238.748            152.584
           0        tcp     0    14         238.975            144.079
           0        tcp     0    14         239.196            166.845
           0        tcp     0    14         240.137            30.4567
           0        tcp     0    14         240.359            148.133
           0        tcp     0    14         240.559            122.567
           0        tcp     0    14         240.765            138.969
           0        tcp     0    14         240.971            139.566
           0        tcp     0    14         241.182            155.227
           0        tcp     0    14         241.415            140.411
           0        tcp     0    14         241.625            156.367
           0        tcp     0    14         241.839            133.955
           0        tcp     0    14         242.041            141.573
           0        tcp     0    14         242.243            142.121
           0        tcp     0    14         242.455            154.698
           0        tcp     0    14         242.669            153.365
           0        tcp     0    14         242.892            146.689
           0        tcp     0    14         243.144            81.2254
           0        tcp     0    14         243.344            143.138
           0        tcp     0    14         243.583            154.557
           0        tcp     0    14         243.803            148.781
           0        tcp     0    14         244.023            149.114
           0        tcp     0    14         244.644            26.3676
           0        tcp     0    14         244.849            160.464
           0        tcp     0    14         245.073            145.766
           0        tcp     0    14         245.287            153.477
           0        tcp     0    14         245.504            150.695
           0        tcp     0    14          245.71            158.909
           0        tcp     0    14         245.915            140.223
           0        tcp     0    14         246.115            143.255
           0        tcp     0    14          246.35            157.258
           0        tcp     0    14         246.559            136.837
           0        tcp     0    14          246.76            162.724
           0        tcp     0    14         246.983            147.492
           0        tcp     0    14         247.197            133.914
           0        tcp     0    14         247.409            154.401
           0        tcp     0    14         247.621            154.819
           0        tcp     0    14          247.83            136.797
           0        tcp     0    14         248.045            171.835
           0        tcp     0    14         248.262            150.637
           0        tcp     0    14         248.464            142.253
           0        tcp     0    14         248.673            136.992
           0        tcp     0    14         248.897            146.478
           0        tcp     0    14          249.11            153.422
           0        tcp     0    14         249.334            146.809
           0        tcp     0    14         249.544            155.668
           0        tcp     0    14         249.764            167.882
           0        tcp     0    14         249.988            127.903
           0        tcp     0    14         250.204            151.568
           0        tcp     0    14          250.42            151.479
           0        tcp     0    14         250.629            137.372
           0        tcp     0    14         250.848            149.826
           0        tcp     0    14         251.075            144.249
           0        tcp     0    14         251.289             153.02
           0        tcp     0    14         251.492            141.617
           0        tcp     0    14         251.715            164.608
           0        tcp     0    14         251.926            136.329
           0        tcp     0    14         252.148            147.248
           0        tcp     0    14         252.364            133.049
           0        tcp     0    14         252.585            147.929
           0        tcp     0    14          252.81            145.911
           0        tcp     0    14         253.014            140.788
           0        tcp     0    14         253.242            143.524
           0        tcp     0    14         253.452            136.432
           0        tcp     0    14         253.691            137.162
           0        tcp     0    14         253.912            148.115
           0        tcp     0    14         254.148            86.9394
           0        tcp     0    14         254.361            153.333
           0        tcp     0    14         254.575            153.457
           0        tcp     0    14          254.82             133.49
           0        tcp     0    14          255.05            160.898
           0        tcp     0    14         255.264            152.538
           0        tcp     0    14         256.141            9.34529
           0        tcp     0    14         256.366            127.301
           0        tcp     0    14         256.593            126.494
           0        tcp     0    14         256.806            95.8785
           0        tcp     0    14         257.017            97.4839
           0        tcp     0    14         257.231            114.874
           0        tcp     0    14         257.455            145.704
           0        tcp     0    14          257.69              139.5
           0        tcp     0    14         257.912             147.91
           0        tcp     0    14         258.133            148.325
           0        tcp     0    14         258.337            140.447
           0        tcp     0    14         258.553            151.294
           0        tcp     0    14         258.771            150.788
           0        tcp     0    14         258.977            158.566
           0        tcp     0    14          259.19             134.78
           0        tcp     0    14         259.416            144.844
           0        tcp     0    14         259.637            129.836
           0        tcp     0    14         259.848             136.13
           0        tcp     0    14          260.06            154.244
           0        tcp     0    14         261.142            18.9321
           0        tcp     0    14         261.343            163.048
           0        tcp     0    14         261.594            81.4685
           0        tcp     0    14         261.796            81.3644
           0        tcp     0    14         262.005            78.1614
           0        tcp     0    14         262.214            78.4713
           0        tcp     0    14         262.443             89.689
           0        tcp     0    14         262.646            120.717
           0        tcp     0    14         262.853            118.707
           0        tcp     0    14         263.063            117.024
           0        tcp     0    14         263.277            134.097
           0        tcp     0    14         263.479            141.826
           0        tcp     0    14         263.684            139.931
           0        tcp     0    14         263.908            146.379
           0        tcp     0    14         264.133            145.418
           0        tcp     0    14         264.348            152.871
           0        tcp     0    14         264.581            140.294
           0        tcp     0    14         264.807            163.101
           0        tcp     0    14         265.016            157.257
           0        tcp     0    14         265.245            142.805
           0        tcp     0    14         265.452            138.513
           0        tcp     0    14         265.657            160.172
           0        tcp     0    14         265.861            139.987
           0        tcp     0    14         266.097            138.942
           0        tcp     0    14         266.301            160.755
           0        tcp     0    14         266.515            153.521
           0        tcp     0    14         266.721            139.186
           0        tcp     0    14         266.932            155.135
           0        tcp     0    14         267.144            154.488
           0        tcp     0    14         267.357            154.092
           0        tcp     0    14         267.558            162.924
           0        tcp     0    14         267.781            146.917
           0        tcp     0    14         268.012            123.975
           0        tcp     0    14         268.218            159.303
           0        tcp     0    14         268.436            131.112
           0        tcp     0    14         268.658            148.034
           0        tcp     0    14         268.868            155.585
           0        tcp     0    14         269.082            153.058
           0        tcp     0    14         269.351            76.1184
           0        tcp     0    14         269.555            140.854
           0        tcp     0    14         269.775            167.727
           0        tcp     0    14         270.012            138.036
           0        tcp     0    14         270.234            147.679
           0        tcp     0    14         271.158            13.2957
           0        tcp     0    14         271.377             131.01
           0        tcp     0    14         271.594            151.278
           0        tcp     0    14         271.819            145.278
           0        tcp     0    14         272.021            142.292
           0        tcp     0    14         272.233            135.045
           0        tcp     0    14         272.443            156.279
           0        tcp     0    14         272.662            167.835
           0        tcp     0    14         272.885            146.938
           0        tcp     0    14         273.116            159.786
           0        tcp     0    14         273.355             136.92
           0        tcp     0    14         273.558            141.652
           0        tcp     0    14         273.761            161.092
           0        tcp     0    14         273.975            172.777
           0        tcp     0    14         274.204            143.125
           0        tcp     0    14         274.416            134.917
           0        tcp     0    14         274.623            158.539
           0        tcp     0    14         274.832            156.765
           0        tcp     0    14          275.04            157.427
           0        tcp     0    14         275.268            143.412
           0        tcp     0    14         275.482            153.558
           0        tcp     0    14         275.697            152.422
           0        tcp     0    14         275.916            149.462
           0        tcp     0    14         276.116            143.058
           0        tcp     0    14         276.327            136.076
           0        tcp     0    14         276.557            142.321
           0        tcp     0    14         276.759            141.985
           0        tcp     0    14         276.981            147.946
           0        tcp     0    14         277.191            136.412
           0        tcp     0    14         277.412            148.373
           0        tcp     0    14          277.65             137.75
           0        tcp     0    14         277.869            149.708
           0        tcp     0    14         278.076            157.955
           0        tcp     0    14         278.291            152.669
           0        tcp     0    14           278.5            137.163
           0        tcp     0    14         278.702            142.078
           0        tcp     0    14         278.918             151.49
           0        tcp     0    14          279.12            141.661
           0        tcp     0    14         279.336            151.985
           0        tcp     0    14         279.555            168.099
           0        tcp     0    14         279.769            153.206
           0        tcp     0    14         279.994            127.275
           0        tcp     0    14          280.21            133.194
           0        tcp     0    14         280.427            150.567
           0        tcp     0    14         280.645            131.367
           0        tcp     0    14         280.861            151.768
           0        tcp     0    14         281.073            154.867
           0        tcp     0    14         281.279            139.461
           0        tcp     0    14         281.482            160.864
           0        tcp     0    14         281.689              138.7
           0        tcp     0    14         281.904            133.341
           0        tcp     0    14         282.116            154.744
           0        tcp     0    14         282.338            147.463
           0        tcp     0    14         282.562            54.9568
           0        tcp     0    14         282.772            156.102
           0        tcp     0    14         282.985            153.366
           0        tcp     0    14         283.193            157.429
           0        tcp     0    14          283.41            151.322
           0        tcp     0    14         283.625            171.542
           0        tcp     0    14         283.849            127.992
           0        tcp     0    14         284.063            152.627
           0        tcp     0    14         284.279            151.949
           0        tcp     0    14          284.49            155.467
           0        tcp     0    14         284.708            150.093
           0        tcp     0    14          284.92            96.8929
           0        tcp     0    14         285.129            136.693
           0        tcp     0    14         285.347            150.761
           0        tcp     0    14         285.554            137.964
           0        tcp     0    14         285.773              150.3
           0        tcp     0    14         285.992            130.406
           0        tcp     0    14         286.214            147.785
           0        tcp     0    14         286.437            146.925
           0        tcp     0    14         286.643            139.089
           0        tcp     0    14         286.863            149.343
           0        tcp     0    14         287.071            157.316
           0        tcp     0    14         287.301            142.257
           0        tcp     0    14          287.51            137.699
           0        tcp     0    14         287.718            157.538
           0        tcp     0    14         287.932            133.722
           0        tcp     0    14         288.136            160.304
           0        tcp     0    14         289.143            4.06788
           0        tcp     0    14         289.374            159.561
           0        tcp     0    14         289.591            113.605
           0        tcp     0    14         289.818            108.181
           0        tcp     0    14         290.049            106.375
           0        tcp     0    14         290.263            133.767
           0        tcp     0    14         290.488            145.872
           0        tcp     0    14         290.707            168.553
           0        tcp     0    14          290.91            160.991
           0        tcp     0    14         291.122            154.337
           0        tcp     0    14         291.354            141.759
           0        tcp     0    14         291.564            136.113
           0        tcp     0    14          291.78            151.596
           0        tcp     0    14         291.999            168.597
           0        tcp     0    14         292.204            160.034
           0        tcp     0    14         292.417            172.933
           0        tcp     0    14          292.62            141.281
           0        tcp     0    14         292.841            166.701
           0        tcp     0    14         293.054            153.633
           0        tcp     0    14         293.264            136.429
           0        tcp     0    14         293.481             151.47
           0        tcp     0    14         293.698            151.152
           0        tcp     0    14         293.924            144.577
           0        tcp     0    14         294.135            155.656
           0        tcp     0    14         294.361            145.029
           0        tcp     0    14         294.577            151.187
           0        tcp     0    14         294.778            143.034
           0        tcp     0    14         294.979            163.097
           0        tcp     0    14         295.194            152.466
           0        tcp     0    14          295.41            151.571
           0        tcp     0    14         295.615            139.504
           0        tcp     0    14         295.827             155.22
           0        tcp     0    14         296.035            157.385
           0        tcp     0    14         296.258             146.81
           0        tcp     0    14         296.464            159.117
           0        tcp     0    14         296.691            144.523
           0        tcp     0    14         296.914            146.526
           0        tcp     0    14         297.121            138.818
           0        tcp     0    14         297.322            142.385
           0        tcp     0    14         297.527            140.305
           0        tcp     0    14         297.736            156.346
           0        tcp     0    14         297.945            137.526
           0        tcp     0    14         298.165            148.827
           0        tcp     0    14         298.371            139.022
           0        tcp     0    14         298.586            152.094
           0        tcp     0    14         298.811            145.967
           0        tcp     0    14         299.029            149.941
           0        tcp     0    14         299.242            135.088
           0        tcp     0    14          299.46            150.262
           0        tcp     0    14         299.661            162.532
           0        tcp     0    14         299.875            134.074


