1.50834 3.5
2.11071 4.4
2.64681 3.1
3.32212 1.4
3.88771 1.95
4.44008 2.85
5.02909 2.05
5.5938 1.1
6.11002 1.5
6.65365 1.7
7.1845 2.8
7.73981 2.6
8.27965 1.6
8.84521 4.6
9.36518 3.95
9.92053 4.1
10.5365 1.65
11.0914 3.05
11.5959 2.85
12.1879 2
12.6811 1.6
13.2758 2.75
13.8299 2.1
14.3737 2.6
14.9121 2.5
15.4902 2.4
16.0219 2.35
16.5715 2.25
17.0769 1.7
17.5882 2.1
19.1897 2.7
20.1086 1
21.0508 1
21.9932 1
22.9351 1
23.8774 1
24.8199 1
25.7619 1
26.2701 4.05
26.86 4.15
27.416 3.85
28.0095 1.6
28.5389 2.15
29.0449 2.8
29.5993 2.1
30.1769 2.75
30.6918 1.75
31.2978 2.5
31.8192 1.85
32.3478 3
32.9244 1.4
34.4856 2
35.0619 2.5
35.6163 2.3
36.1439 1.85
36.6794 2.5
37.2674 2.55
38.6993 4.45
39.2851 3.95
39.7612 2.8
40.3821 1.55
40.9219 3
41.4864 2.65
42.563 2.2
43.0847 1.95
43.6272 3.45
44.1758 2.3
45.2212 1.95
46.085 1.1
46.6903 1.15
47.2011 1.1
47.7477 2.75
48.3006 2.65
48.8713 1.85
49.423 2.25
49.9841 2.85
50.5121 1.6
51.0213 2.4
51.619 2.6
52.1742 3.05
52.7577 4.9
53.3578 4.45
53.8954 3.3
54.5134 1.5
55.0408 3.05
55.6051 2.85
56.1472 2.35
56.7017 3
57.2457 1.6
57.8027 2.3
58.333 1.95
58.9238 2.55
59.4584 2.75
60.0117 2.25
60.5126 2.4
61.0622 3.15
61.5708 2.4
62.1728 2.75
62.6885 2.55
63.2606 1.9
63.7782 2.15
64.3481 2.7
64.9401 3.15
65.484 2.5
66.0399 1.9
66.5231 1.45
67.1077 2.1
67.7556 2.35
68.3361 2.2
68.8707 2.25
69.3989 2.15
69.9553 2.2
70.5591 2.15
71.0427 1.8
71.5755 2
72.1801 3
72.7487 2.85
73.3042 2.95
73.8529 2.75
74.4505 1.7
74.9581 1.45
75.5291 2.25
76.026 2.75
76.5558 2
77.1352 1.65
77.715 1.95
78.2954 2.95
78.8247 2.15
79.3965 2.8
79.8935 1.95
80.4475 2.6
80.9788 2.45
81.5846 2.9
82.1599 2.55
82.7201 1.9
83.2855 2.55
83.8116 2.65
84.3742 2.85
84.8911 2.25
85.4655 2.95
86.0105 2.65
86.5885 2.6
87.1402 2.6
87.7364 2.95
88.2985 2.5
88.8108 2.3
89.3902 2.2
89.9423 1.7
90.4546 1.95
90.961 2.5
91.5401 2.45
92.086 2.55
92.6622 2.4
93.1882 2.5
93.7192 2.8
94.2681 2.75
94.8061 2.65
95.3383 2.7
95.9117 2.35
96.5033 2.5
97.0477 1
97.5791 2.35
98.1437 2.7
98.7637 1.7
99.2723 2.65
99.8375 2.8
100.413 2.25
100.923 2.7
101.51 2.45
102.064 2.9
102.679 2.75
103.187 1.7
103.766 2.15
104.282 2.3
104.813 2.55
105.347 2.15
105.99 1.7
106.523 2.3
107.077 2.55
107.64 2.45
109.059 1.25
109.591 2.05
110.147 2.5
110.685 2.55
111.249 2.85
111.79 2.8
112.394 2.7
112.914 1.45
113.529 3.1
114.017 1.6
114.57 1.75
115.101 2
115.663 2.7
116.237 2.6
116.769 1.6
117.337 2.2
117.871 2.3
118.426 2.95
118.992 2.5
119.526 2.35
120.155 3
120.66 2.45
121.179 2
121.751 2.65
122.279 2.15
122.835 1.95
123.463 2.1
124.009 2.15
124.527 2.15
125.094 2.55
125.616 2.45
126.173 1.9
126.72 2.9
127.289 3
127.862 2
128.491 1.5
129.026 2.2
129.603 2.2
130.11 1.8
130.669 2.55
131.185 1.95
131.707 2.4
132.268 2.65
132.768 2.6
133.388 2.55
133.93 2.8
134.464 3.2
135.032 2.7
135.572 2.45
136.13 2.1
136.732 2.5
137.248 2.15
137.8 2
138.354 2.95
138.885 2.35
139.438 2.15
139.979 2.45
140.55 2.2
141.082 2.35
141.598 1.7
142.139 2.2
142.743 3.05
144.248 2.45
145.191 1.2
145.858 1.2
146.408 1.25
146.928 1.3
147.425 1.25
147.98 2.45
148.512 2.45
149.082 2.8
149.586 2
150.999 1.8
151.562 2.95
152.143 2.35
152.722 2.65
153.256 2.25
154.301 2.25
155.245 1.05
155.915 1.2
156.469 1.3
156.987 1.15
157.514 2.05
158.077 2.4
158.606 2.3
159.143 2.2
159.686 2
160.197 1.7
160.733 2.75
161.274 2.05
161.905 3.95
162.55 3.95
163.063 3.45
163.66 1.5
164.188 2.7
164.735 2.25
165.266 1.95
165.779 2.55
166.937 2.05
167.478 1.6
167.996 2.45
168.574 3.4
169.162 2.8
169.7 2.55
170.261 1.6
170.824 1.95
171.36 1.45
171.899 4.6
172.444 3.55
173.821 3.05
174.44 2.05
174.946 2.8
175.484 2.9
176.058 2.75
176.613 2.65
177.2 2.45
177.714 2.35
178.404 2.7
178.934 2.5
179.493 2.85
180.066 2.45
180.635 2.35
181.178 1.9
181.696 1.4
182.263 1.75
182.806 2
183.323 1.85
183.918 2.75
184.443 1.45
184.955 1.45
185.494 1.65
186.872 4
188.029 3.85
188.548 3.05
189.143 2.15
189.729 1.05
190.258 2.95
191.373 1.7
191.883 2.9
192.451 3.2
193.896 2.45
194.455 3.15
195.032 2.6
195.543 2.75
196.163 3.05
196.621 4.15
197.224 3.75
197.775 3.9
198.362 1.4
198.845 2.65
199.42 2.85
199.955 1.6
200.469 2.55
201.058 2
201.562 1.5
202.081 2.5
202.608 2.6
203.154 2.1
204.507 1.45
205.021 2.15
205.573 2.65
206.166 2.65
206.723 4.6
208.186 4.25
208.727 3.85
209.344 1.8
210.756 2.3
211.583 1.65
212.759 1.25
213.767 1.05
214.478 1.1
215.069 1.05
215.627 1.3
216.159 1.15
216.682 1.2
217.206 1.25
217.749 1.2
218.267 4.2
218.823 4.25
219.326 3.5
220.066 1.65
220.599 2.8
221.137 2.4
221.701 2.65
222.296 2.45
222.849 2.55
223.378 1.65
223.886 2.45
224.469 2.5
224.992 2
225.596 2.25
226.159 1.95
226.685 1.8
227.203 2.5
227.815 2.35
228.39 2.5
228.926 2.7
229.519 3.05
230.015 1.5
231.288 4.4
231.843 3.9
232.413 2.95
233.035 2
233.529 3.1
234.172 3.15
234.685 1.4
235.204 2.3
235.756 2.9
236.341 2.45
236.882 2.8
237.415 1.85
237.994 2.5
238.573 2.75
239.104 1.5
240.323 4.6
240.973 4.5
241.507 3.65
242.121 1.7
242.653 3.4
243.25 2.1
243.787 2.5
244.847 2.05
245.382 2.45
245.88 2.85
246.517 3.25
247.014 2.25
247.579 3.2
248.143 2.5
248.685 2.9
249.206 3.1
249.759 3.05
250.312 4.5
250.936 4.15
251.446 3.4
252.03 1.7
252.566 3.2
253.135 2.75
253.715 2.55
254.363 2.3
254.897 2
256.222 2.5
257.043 1.1
257.618 1
258.154 2.25
258.704 2.5
259.237 3.1
259.801 2.65
261.251 2
262.262 1
262.97 1.1
263.566 1.1
264.122 1.05
264.656 1.15
265.183 1.35
265.731 1.9
266.303 1.65
266.843 4.45
267.37 3.85
267.92 3.35
268.504 1.9
269.037 2.95
269.621 2.1
270.165 3.35
271.578 1.65
272.116 3.15
272.693 2.15
273.214 2
273.786 2.05
274.305 1.65
274.865 2.35
275.412 2.9
275.939 1.7
276.529 4.25
277.101 4.2
277.64 3.45
278.225 2
278.804 1.1
279.301 2.5
279.913 4
280.465 2.55
281.02 2.7
281.534 1.85
282.141 2.5
282.753 1.25
283.275 1.9
283.794 1.65
284.351 1.9
284.934 1.85
285.48 4.2
286.058 4.35
286.62 3.05
287.206 1.7
287.739 2.6
289.207 2.65
289.955 1.2
290.507 1.7
291.018 2.05
291.567 3.3
292.113 1.6
292.617 1.9
293.138 3.25
293.698 3
294.18 2.5
294.793 3.6
295.327 4.05
295.899 3.75
296.411 3.8
296.995 2.15
297.573 1.05
298.08 3.15
298.663 2.9
299.226 2.7
299.77 2.35
