2016年 04月 14日 星期四 15:50:15 CST
--- Simulation sequence:1 ---
#node_id rate rate_without_head
       0 221.063 181.378
       1 517.361 360.3
       2 39.1029 0
       3 218.223 179.048
       4 39.1514 0


--- Simulation sequence:2 ---
#node_id rate rate_without_head
       0 72.3291 59.3103
       1 84.9101 59.1921
       2 238.522 166.842
       3 84.8688 59.1533
       4 12.7657 0
       5 159.115 130.549
       6 186.67 130.62
       7 186.814 130.739
       8 27.6164 0


--- Simulation sequence:3 ---
#node_id rate rate_without_head
       0 106.424 87.3011
       1 123.6 85.7836
       2 123.609 85.7902
       3 186.049 129.596
       4 123.819 85.9901
       5 123.978 86.11
       6 19.0467 0
       7 85.1748 69.8796
       8 99.8175 69.7281
       9 99.789 69.7209
      10 99.6576 69.598
      11 99.6965 69.6061
      12 14.9511 0


--- Simulation sequence:4 ---
#node_id rate rate_without_head
       0 -0 -0
       1 -0 -0
       2 -0 -0
       3 -0 -0
       4 219.551 174.226
       5 -0 -0
       6 -0 -0
       7 -0 -0
       8 -0 -0
       9 213.045 174.799
      10 219.764 174.402
      11 219.587 174.255
      12 219.684 174.334
      13 219.537 174.222
      14 219.499 174.198
      15 219.489 174.152
      16 7.62098 0


--- Simulation sequence:5 ---
#node_id rate rate_without_head
       0 217.903 178.758
       1 217.555 177.606
       2 215.384 175.825
       3 215.129 175.607
       4 215.214 175.685
       5 224.464 179.588
       6 215.144 175.636
       7 215.196 175.679
       8 215.282 175.674
       9 215.438 175.659
      10 1.59449 0
      11 34.056 27.9356
      12 37.5026 26.8115
      13 36.3032 25.8195
      14 35.7784 25.3887
      15 35.8135 25.4329
      16 35.8165 25.4349
      17 35.8559 25.4361
      18 35.9125 25.3507
      19 36.0826 25.2653
      20 5.5081 0


--- Simulation sequence:6 ---
#node_id rate rate_without_head
       0 37.8384 31.0364
       1 40.2539 28.5468
       2 37.6841 26.438
       3 35.6142 24.7394
       4 35.1872 24.3888
       5 35.2479 24.4489
       6 173.183 131.455
       7 35.3293 24.5233
       8 35.4415 24.6192
       9 35.411 24.5622
      10 35.5175 24.6273
      11 35.4145 24.5109
      12 5.54208 0
      13 147.997 121.426
      14 153.843 118.725
      15 151.163 116.526
      16 148.84 114.613
      17 148.326 114.192
      18 148.156 114.051
      19 148.142 114.047
      20 148.285 114.128
      21 148.259 114.084
      22 148.421 114.165
      23 148.378 114.061
      24 10.4428 0


--- Simulation sequence:7 ---
#node_id rate rate_without_head
       0 76.4634 62.7308
       1 70.4009 55.6317
       2 69.4197 54.8265
       3 68.1247 53.7638
       4 67.1409 52.9565
       5 66.884 52.7456
       6 66.7305 52.6196
       7 217.079 174.396
       8 66.7072 52.5391
       9 66.7219 52.5433
      10 66.8105 52.5838
      11 66.9152 52.556
      12 66.9799 52.5556
      13 67.0586 52.5516
      14 3.06723 0
      15 157.607 129.311
      16 155.995 126.307
      17 155.352 125.772
      18 154.126 124.773
      19 152.557 123.486
      20 152.302 123.277
      21 152.129 123.15
      22 152.118 123.133
      23 152.175 123.172
      24 152.185 123.129
      25 152.354 123.126
      26 152.488 123.102
      27 152.57 123.057
      28 3.17065 0


--- Simulation sequence:8 ---
#node_id rate rate_without_head
       0 100.825 82.7199
       1 107.952 80.083
       2 106.903 79.2217
       3 105.795 78.3125
       4 105.449 78.0281
       5 104.974 77.6467
       6 104.804 77.5061
       7 104.818 77.509
       8 146.695 106.065
       9 104.806 77.5156
      10 104.959 77.6153
      11 104.968 77.5706
      12 104.93 77.4779
      13 105.045 77.529
      14 105.068 77.4359
      15 105.216 77.4876
      16 10.8731 0
      17 57.8208 47.4352
      18 63.1816 44.8976
      19 61.2555 43.3167
      20 59.1767 41.6106
      21 57.5529 40.2779
      22 56.0395 39.0284
      23 55.6949 38.738
      24 55.7446 38.7852
      25 55.8281 38.8306
      26 55.8421 38.834
      27 55.8754 38.8381
      28 55.9411 38.8394
      29 56.0408 38.8833
      30 56.043 38.8849
      31 56.0664 38.8884
      32 8.68987 0


--- Simulation sequence:9 ---
#node_id rate rate_without_head
       0 97.555 80.0377
       1 107.488 76.49
       2 104.857 74.3253
       3 101.578 71.6283
       4 99.5253 69.9288
       5 97.0465 67.8892
       6 95.0298 66.2212
       7 94.7895 66.0351
       8 94.6709 65.9148
       9 127.72 88.9749
      10 94.7297 65.9368
      11 94.6981 65.8517
      12 94.6676 65.7989
      13 94.5662 65.6716
      14 94.6534 65.6944
      15 94.7013 65.6835
      16 94.7319 65.6859
      17 94.7533 65.6881
      18 14.7145 0
      19 67.8945 55.6839
      20 71.6258 52.0915
      21 68.1671 49.2532
      22 63.733 45.6024
      23 62.0725 44.2517
      24 59.0928 41.8185
      25 54.4103 37.9639
      26 53.536 37.2218
      27 53.7051 37.3601
      28 53.8952 37.5439
      29 54.0356 37.683
      30 54.1468 37.7294
      31 52.8455 36.7218
      32 52.9065 36.7238
      33 52.8578 36.6596
      34 52.8903 36.6621
      35 52.8415 36.5979
      36 8.25287 0


--- Simulation sequence:10 ---
#node_id rate rate_without_head
       0 92.3944 75.8025
       1 93.452 69.3946
       2 91.49 67.7845
       3 89.5813 66.218
       4 87.3535 64.3898
       5 86.2944 63.5205
       6 84.651 62.1718
       7 81.8043 59.82
       8 81.5077 59.5608
       9 81.5355 59.6068
      10 148.258 105.798
      11 81.5929 59.6605
      12 81.5882 59.664
      13 81.6337 59.6693
      14 81.9262 59.6739
      15 82.0443 59.6765
      16 82.1443 59.6798
      17 82.3385 59.6822
      18 82.4393 59.7328
      19 82.5297 59.736
      20 9.85304 0
      21 71.4668 58.6319
      22 78.8754 55.8636
      23 75.3802 52.9955
      24 73.4058 51.3751
      25 72.4037 50.5451
      26 71.5681 49.8435
      27 70.9624 49.3462
      28 69.9602 48.516
      29 69.8686 48.4327
      30 69.8805 48.4346
      31 69.8788 48.4398
      32 69.9232 48.4834
      33 69.9027 48.4437
      34 69.9053 48.4455
      35 69.9082 48.4475
      36 69.9108 48.4493
      37 69.9134 48.4511
      38 69.916 48.4529
      39 69.9185 48.4546
      40 10.7152 0


