2016年 05月 19日 星期四 19:32:20 CST
--- Simulation sequence:1 ---
#node_id rate rate_without_head
       0 216.708 177.809
       1 502.86 349.818
       2 38.8864 0
       3 209.7 172.059
       4 37.6361 0


--- Simulation sequence:2 ---
#node_id rate rate_without_head
       0 91.6835 75.222
       1 107.562 75.2209
       2 251.349 175.568
       3 107.56 75.2197
       4 15.8968 0
       5 131.78 108.125
       6 154.88 108.11
       7 154.882 108.105
       8 23.142 0


--- Simulation sequence:3 ---
#node_id rate rate_without_head
       0 96.4865 79.1653
       1 110.408 77.2091
       2 110.399 77.2002
       3 201.224 140.597
       4 110.364 77.1656
       5 110.364 77.1475
       6 16.6733 0
       7 97.9443 80.3621
       8 112.39 78.489
       9 112.325 78.4352
      10 112.34 78.4456
      11 112.365 78.4466
      12 17.0135 0


--- Simulation sequence:4 ---
#node_id rate rate_without_head
       0 80.9782 66.4412
       1 91.3785 64.329
       2 88.8697 62.2708
       3 88.8178 62.2285
       4 188.953 132.317
       5 88.8024 62.2136
       6 88.7992 62.2093
       7 89.0959 62.2071
       8 13.6078 0
       9 90.0948 73.9215
      10 102.503 72.0325
      11 100.331 70.2505
      12 100.198 70.139
      13 100.185 70.1155
      14 100.196 70.1165
      15 100.482 70.1174
      16 15.3354 0


--- Simulation sequence:5 ---
#node_id rate rate_without_head
       0 82.2337 67.4714
       1 95.5148 67.4024
       2 92.8589 65.2232
       3 91.0819 63.7639
       4 91.0831 63.7648
       5 184.712 129.309
       6 91.0414 63.7253
       7 91.0455 63.7261
       8 91.3255 63.7269
       9 91.6187 63.7305
      10 13.9443 0
      11 84.1021 69.0044
      12 97.7301 68.9079
      13 95.5123 67.0878
      14 93.7428 65.6358
      15 93.694 65.5955
      16 93.6758 65.5704
      17 93.6763 65.5665
      18 93.9078 65.5545
      19 94.2248 65.5435
      20 14.3408 0


--- Simulation sequence:6 ---
#node_id rate rate_without_head
       0 108.008 88.6191
       1 126.373 88.55
       2 126.229 88.4331
       3 124.783 87.25
       4 123.639 86.3038
       5 123.605 86.2675
       6 177.52 124.055
       7 123.469 86.142
       8 123.457 86.1168
       9 123.644 86.1299
      10 123.839 86.1471
      11 123.844 86.1481
      12 18.8481 0
      13 69.7931 57.2592
      14 80.8141 57.219
      15 80.8085 57.2151
      16 78.2154 55.0875
      17 76.2858 53.504
      18 76.2824 53.4987
      19 76.2498 53.4702
      20 76.2576 53.4698
      21 76.5065 53.4692
      22 76.8665 53.4664
      23 76.8678 53.4673
      24 11.7004 0


--- Simulation sequence:7 ---
#node_id rate rate_without_head
       0 83.9741 68.8994
       1 97.8517 68.8841
       2 97.7567 68.8056
       3 97.727 68.7808
       4 95.7503 67.1596
       5 94.4635 66.1038
       6 94.431 66.075
       7 181.773 127.212
       8 94.4135 66.0544
       9 94.4141 66.0506
      10 94.6384 66.0398
      11 94.9346 66.0394
      12 94.934 66.0389
      13 94.9333 66.0384
      14 14.4478 0
      15 78.8292 64.6779
      16 91.7221 64.6636
      17 91.6543 64.608
      18 91.6032 64.5662
      19 89.6176 62.9371
      20 88.0527 61.6511
      21 88.0188 61.6233
      22 87.9587 61.5668
      23 87.9585 61.5604
      24 88.1956 61.5657
      25 88.5108 61.5706
      26 88.5119 61.5714
      27 88.516 61.5722
      28 13.4721 0


--- Simulation sequence:8 ---
#node_id rate rate_without_head
       0 90.6214 74.3535
       1 105.774 74.3394
       2 105.772 74.338
       3 105.735 74.308
       4 105.631 74.2227
       5 103.652 72.5982
       6 102.438 71.603
       7 102.418 71.5811
       8 179.765 125.709
       9 102.406 71.5641
      10 102.384 71.5364
      11 102.599 71.5296
      12 102.811 71.529
      13 102.795 71.5137
      14 102.793 71.5101
      15 102.797 71.5111
      16 15.6432 0
      17 70.3468 57.7179
      18 81.7916 57.7176
      19 81.7741 57.7033
      20 81.7062 57.6477
      21 81.6719 57.6196
      22 79.5276 55.8592
      23 77.906 54.5273
      24 77.915 54.5315
      25 77.907 54.5239
      26 77.911 54.5246
      27 78.1186 54.5325
      28 78.4012 54.5358
      29 78.4022 54.5364
      30 78.4032 54.5372
      31 78.4041 54.5378
      32 11.9333 0


--- Simulation sequence:9 ---
