2016年 06月 01日 星期三 21:31:45 CST
--- Simulation sequence:1 ---
#node_id rate rate_without_head
       0 321.371 262.481
       1 389.662 319.721
       2 460.404 320.262
       3 0.173859 0
       4 69.9357 0


--- Simulation sequence:2 ---
#node_id rate rate_without_head
       0 82.6536 67.8159
       1 99.4405 81.5898
       2 213.797 149.012
       3 213.683 148.895
       4 14.7511 0
       5 17.9082 0


--- Simulation sequence:3 ---
#node_id rate rate_without_head
       0 89.1294 73.1205
       1 155.384 127.492
       2 229.368 159.523
       3 229.334 159.489
       4 229.336 159.492
       5 16.0557 0
       6 27.9354 0


--- Simulation sequence:4 ---
#node_id rate rate_without_head
       0 79.2881 65.0518
       1 84.2273 69.1071
       2 189.897 131.883
       3 189.923 131.91
       4 189.84 131.827
       5 189.752 131.712
       6 14.468 0
       7 15.3476 0


--- Simulation sequence:5 ---
#node_id rate rate_without_head
       0 40.2998 33.0641
       1 105.346 86.4354
       2 172.804 120.047
       3 172.745 119.989
       4 172.591 119.834
       5 172.421 119.637
       6 172.406 119.597
       7 7.39572 0
       8 19.2966 0


--- Simulation sequence:6 ---
#node_id rate rate_without_head
       0 59.4282 48.759
       1 71.8665 58.9622
       2 149.503 103.678
       3 149.575 103.735
       4 149.429 103.612
       5 149.379 103.508
       6 149.338 103.482
       7 149.295 103.429
       8 10.9249 0
       9 13.263 0


--- Simulation sequence:7 ---
#node_id rate rate_without_head
       0 56.6884 46.5111
       1 80.7705 66.27
       2 140.756 97.7486
       3 140.902 97.8622
       4 140.57 97.5833
       5 140.739 97.6512
       6 140.547 97.5051
       7 140.577 97.5318
       8 140.56 97.5036
       9 10.3361 0
      10 14.8168 0


--- Simulation sequence:8 ---
#node_id rate rate_without_head
       0 61.0171 50.0626
       1 64.5587 52.9688
       2 140.416 97.6283
       3 140.415 97.613
       4 140.43 97.6278
       5 140.337 97.5337
       6 140.429 97.5813
       7 140.305 97.4911
       8 140.286 97.4526
       9 140.278 97.4117
      10 11.0276 0
      11 11.8027 0


--- Simulation sequence:9 ---
#node_id rate rate_without_head
       0 62.8073 51.5317
       1 43.5079 35.6936
       2 122.937 85.4609
       3 123.117 85.599
       4 122.869 85.393
       5 122.8 85.2469
       6 122.761 85.232
       7 122.713 85.2027
       8 122.667 85.1519
       9 122.694 85.154
      10 122.687 85.1242
      11 11.4348 0
      12 7.93267 0


--- Simulation sequence:10 ---
#node_id rate rate_without_head
       0 49.9612 40.9913
       1 68.7094 56.3741
       2 128.16 89.111
       3 127.997 88.975
       4 128.016 88.9859
       5 127.977 88.946
       6 128.022 88.9882
       7 127.863 88.8398
       8 127.804 88.7735
       9 127.808 88.7702
      10 127.801 88.7444
      11 127.835 88.7469
      12 9.0697 0
      13 12.4225 0


--- Simulation sequence:11 ---
#node_id rate rate_without_head
       0 42.3471 34.7439
       1 72.7751 59.7103
       2 130.822 91.0442
       3 130.874 91.0847
       4 130.385 90.6861
       5 130.28 90.5483
       6 130.081 90.4264
       7 130.1 90.4395
       8 130.082 90.4251
       9 130.113 90.4382
      10 130.1 90.4101
      11 130.138 90.4096
      12 130.124 90.3684
      13 7.60117 0
      14 13.1543 0


--- Simulation sequence:12 ---
#node_id rate rate_without_head
       0 27.8189 22.8233
       1 79.4435 65.182
       2 125.459 87.3487
       3 125.439 87.3346
       4 125.062 87.0183
       5 124.994 86.9356
       6 124.792 86.7913
       7 124.85 86.8317
       8 124.792 86.789
       9 124.829 86.8018
      10 124.859 86.815
      11 124.856 86.7793
      12 124.873 86.7785
      13 124.896 86.7632
      14 4.94761 0
      15 14.3596 0


--- Simulation sequence:13 ---
#node_id rate rate_without_head
       0 49.2023 40.3687
       1 56.5138 46.3678
       2 124.179 86.5624
       3 124.307 86.6535
       4 124.131 86.5192
       5 124.013 86.3409
       6 123.818 86.1802
       7 123.707 86.1132
       8 123.645 86.0557
       9 123.662 86.0551
      10 123.776 86.1238
      11 123.709 86.0457
      12 123.729 86.0056
      13 123.753 85.993
      14 123.808 86.0085
      15 8.83444 0
      16 10.1905 0


--- Simulation sequence:14 ---
#node_id rate rate_without_head
       0 41.7218 34.2308
       1 68.3526 56.0792
       2 127.381 88.7746
       3 127.127 88.5688
       4 126.897 88.3769
       5 126.686 88.1985
       6 126.571 88.0979
       7 126.53 88.0714
       8 126.487 88.0312
       9 126.468 88.0095
      10 126.453 87.9801
      11 126.463 87.9658
      12 126.489 87.9649
      13 126.546 87.965
      14 126.55 87.9279
      15 126.567 87.8994
      16 7.47713 0
      17 12.2956 0


--- Simulation sequence:15 ---
#node_id rate rate_without_head
       0 55.8489 45.8222
       1 43.5501 35.7308
       2 114.55 79.9645
       3 114.437 79.8693
       4 114.271 79.7331
       5 114.017 79.5144
       6 113.921 79.4329
       7 113.823 79.3654
       8 113.757 79.2565
       9 113.769 79.2712
      10 113.712 79.2311
      11 113.821 79.3007
      12 113.838 79.2881
      13 113.849 79.2617
      14 113.898 79.2627
      15 113.932 79.2636
      16 113.942 79.2242
      17 9.98683 0
      18 7.74523 0


--- Simulation sequence:16 ---
#node_id rate rate_without_head
       0 70.8021 58.0915
       1 40.7655 33.446
       2 127.596 89.046
       3 127.384 88.8672
       4 127.245 88.7433
       5 126.974 88.5172
       6 126.853 88.4086
       7 126.712 88.3
       8 126.772 88.356
       9 126.779 88.3023
      10 126.707 88.2484
      11 126.689 88.2084
      12 126.681 88.2071
      13 126.717 88.2135
      14 126.746 88.2146
      15 126.812 88.2294
      16 126.793 88.1769
      17 126.836 88.1626
      18 12.6692 0
      19 6.8912 0


--- Simulation sequence:17 ---
#node_id rate rate_without_head
       0 85.9305 70.5046
       1 25.93 21.273
       2 126.281 88.2148
       3 126.169 88.12
       4 125.926 87.9195
       5 125.838 87.8354
       6 125.59 87.6404
       7 125.486 87.5323
       8 125.289 87.3872
       9 125.305 87.394
      10 125.25 87.3494
      11 125.287 87.3648
      12 125.288 87.3322
      13 125.3 87.2927
      14 125.361 87.3076
      15 125.406 87.2913
      16 125.449 87.277
      17 125.496 87.2763
      18 125.509 87.254
      19 15.3438 0
      20 4.61549 0


--- Simulation sequence:18 ---
#node_id rate rate_without_head
       0 51.5174 42.2683
       1 50.5355 41.4626
       2 119.126 83.2061
       3 118.981 83.0822
       4 118.769 82.9033
       5 118.615 82.7794
       6 118.433 82.6281
       7 118.284 82.4949
       8 118.129 82.371
       9 118.202 82.4253
      10 118.039 82.2604
      11 117.847 82.0449
      12 117.646 81.9348
      13 117.733 81.989
      14 117.662 81.9061
      15 117.767 81.9666
      16 117.757 81.9264
      17 117.776 81.9
      18 117.767 81.8599
      19 117.796 81.8616
      20 9.12922 0
      21 9.1898 0


--- Simulation sequence:19 ---
#node_id rate rate_without_head
       0 40.432 33.1725
       1 60.4365 49.5864
       2 117.806 82.3648
       3 117.743 82.3132
       4 117.404 82.0269
       5 117.217 81.8635
       6 116.934 81.6313
       7 116.753 81.4906
       8 116.73 81.4642
       9 116.541 81.316
      10 116.343 81.1368
      11 116.416 81.1499
      12 116.242 81.0123
      13 116.328 81.0573
      14 116.278 81.0019
      15 116.351 81.0151
      16 116.289 80.9319
      17 116.307 80.9135
      18 116.4 80.9529
      19 116.393 80.9128
      20 116.397 80.8735
      21 7.14937 0
      22 10.8044 0


--- Simulation sequence:20 ---
#node_id rate rate_without_head
       0 50.1669 41.1576
       1 25.6822 21.07
       2 86.491 60.5671
       3 86.4569 60.5392
       4 86.2858 60.4014
       5 86.2774 60.3871
       6 86.2207 60.3456
       7 86.0281 60.1802
       8 85.8905 60.0699
       9 85.9427 60.1081
      10 85.8027 60.0004
      11 85.8935 59.9024
      12 85.3376 59.4113
      13 85.0814 59.2059
      14 85.0928 59.1929
      15 85.0878 59.1936
      16 85.0794 59.1669
      17 85.1153 59.1814
      18 85.1344 59.1821
      19 85.1457 59.169
      20 85.1784 59.1835
      21 85.1749 59.1705
      22 8.91953 0
      23 4.50539 0


