1 1.21
2 1.61
3 1.03
4 2.66
5 1.14
6 1.14
7 3.76
8 1.29
9 1.12
10 1.01
11 4
12 2.19
13 1.23
14 1.03
15 1
16 3.94
17 2.1
18 1.77
19 1.07
20 1.01
21 1
22 3.99
23 2.27
24 1.8
25 1.51
26 1.03
27 1.01
28 1
29 3.99
30 2.33
31 1.85
32 1.47
33 1.34
34 1.02
35 1.01
36 1
37 4.08
38 2.36
39 1.93
40 1.49
41 1.3
42 1.26
43 1.02
44 1.01
45 1
46 4.1
47 2.43
48 1.99
49 1.66
50 1.32
51 1.24
52 1.21
53 1.02
54 1.01
55 1
56 4.1
57 2.46
58 2
59 1.64
60 1.47
61 1.25
62 1.21
63 1.2
64 1.02
65 1.01
66 1
67 4.13
68 2.49
69 2.03
70 1.67
71 1.47
72 1.38
73 1.21
74 1.19
75 1.2
76 1.01
77 1.01
78 1
79 4.14
80 2.54
81 2.09
82 1.74
83 1.51
84 1.41
85 1.35
86 1.2
87 1.2
88 1.17
89 1.02
90 1.01
91 1
92 4.12
93 2.52
94 2.05
95 1.77
96 1.56
97 1.42
98 1.37
99 1.34
100 1.18
101 1.19
102 1.16
103 1.01
104 1.01
105 1
