1 4.94
2 8.67
3 4.33
4 12
5 4.53
6 4.56
7 18.41
8 5.41
9 5.42
10 4.44
11 17.86
12 8.3
13 6.95
14 4.84
15 4.32
16 19.31
17 7.33
18 8.88
19 5.48
20 4.49
21 4.28
22 18.85
23 8.38
24 8.24
25 7.65
26 5.07
27 4.4
28 4.25
29 18.76
30 8.4
31 8.67
32 7.09
33 6.51
34 4.82
35 4.39
36 4.25
37 19.15
38 8.3
39 9.12
40 7.29
41 6.14
42 5.87
43 4.72
44 4.4
45 4.25
46 18.93
47 8.6
48 9.19
49 7.73
50 6.2
51 5.71
52 5.71
53 4.69
54 4.39
55 4.25
56 18.9
57 8.76
58 9.08
59 7.7
60 6.69
61 5.74
62 5.55
63 5.56
64 4.66
65 4.39
66 4.24
67 19.01
68 8.65
69 9.14
70 7.79
71 6.81
72 6.16
73 5.5
74 5.39
75 5.46
76 4.64
77 4.4
78 4.24
79 18.76
80 8.75
81 9.17
82 8.04
83 6.79
84 6.28
85 5.93
86 5.39
87 5.41
88 5.41
89 4.62
90 4.4
91 4.24
92 18.59
93 8.69
94 9.21
95 8.08
96 6.93
97 6.46
98 5.97
99 5.77
100 5.37
101 5.34
102 5.36
103 4.62
104 4.39
105 4.24
