1 11185
2 9232
3 11299
4 23767
5 3838
6 16556
7 433
8 15174
9 31349
10 21531
11 9951
12 80
13 849
14 15612
15 22334
16 32975
17 16605
18 23537
19 20563
20 6699
21 20488
22 7730
23 28360
24 223
25 2622
26 2532
27 15036
28 10831
29 13220
30 569
31 15134
32 8170
33 1741
34 20832
35 17464
36 1462
37 8887
38 4371
39 8394
40 29471
41 20722
42 1206
43 11818
44 3563
45 1548
46 27859
47 22796
48 1812
49 11910
50 3825
51 14343
52 6309
53 1159
54 28023
55 11058
56 18181
57 4188
58 94
59 19412
60 2284
61 13737
62 24695
63 21719
64 20210
65 22457
66 16232
67 26880
68 190
69 1101
70 23201
71 6682
72 29719
73 1534
74 13290
75 17352
76 545
77 10513
78 29439
79 6116
80 24844
81 16840
82 1050
83 13910
84 2361
85 2361
86 16768
87 24332
88 10557
89 547
90 22512

