1 5.06
2 6.98
3 4.22
4 7.2
5 4.37
6 4.42
7 7.52
8 4.48
9 4.42
10 4.27
11 7.35
12 5.58
13 4.85
14 4.4
15 4.27
16 7.29
17 5.09
18 5.62
19 4.64
20 4.32
21 4.25
22 7.41
23 5.43
24 5.32
25 5.62
26 4.62
27 4.31
28 4.24
29 7.34
30 5.4
31 5.37
32 5.24
33 5.44
34 4.59
35 4.33
36 4.23
37 7.45
38 5.37
39 5.54
40 5.21
41 5.08
42 5.24
43 4.54
44 4.34
45 4.24
46 7.39
47 5.43
48 5.54
49 5.41
50 5.05
51 4.98
52 5.15
53 4.51
54 4.33
55 4.23
56 7.37
57 5.41
58 5.49
59 5.34
60 5.2
61 4.9
62 4.9
63 5.13
64 4.52
65 4.35
66 4.23
67 7.44
68 5.41
69 5.69
70 5.52
71 5.29
72 5.18
73 4.93
74 4.98
75 5.13
76 4.52
77 4.34
78 4.23
79 7.4
80 5.44
81 5.57
82 5.43
83 5.26
84 5.19
85 5.14
86 4.91
87 4.91
88 5.09
89 4.5
90 4.35
91 4.23
92 7.47
93 5.42
94 5.54
95 5.41
96 5.24
97 5.12
98 5.1
99 5.05
100 4.83
101 4.91
102 5.02
103 4.53
104 4.34
105 4.23
