2016年 06月 12日 星期日 18:41:45 CST
--- Simulation sequence:2 ---
#node_id rate rate_without_head
       0 318.674 261.469
       1 315.74 259.061
       2 42.8213 0
       3 42.7287 0


--- Simulation sequence:3 ---
#node_id rate rate_without_head
       0 146.938 120.557
       1 150.443 123.433
       2 171.598 120.55
       3 175.774 123.425
       4 24.6798 0
       5 25.3495 0


--- Simulation sequence:4 ---
#node_id rate rate_without_head
       0 73.8927 60.3995
       1 121.344 99.4358
       2 84.4953 60.9337
       3 140.226 101.591
       4 86.9742 62.7525
       5 141.689 102.502
       6 17.1918 5.29975
       7 22.3722 4.36401


--- Simulation sequence:5 ---
#node_id rate rate_without_head
       0 42.4395 34.6214
       1 110.706 90.4637
       2 46.8285 34.2748
       3 121.286 87.3901
       4 48.1992 35.2726
       5 117.833 84.6662
       6 51.4727 37.5624
       7 119.84 86.3965
       8 15.0483 7.13095
       9 20.2363 3.94222


--- Simulation sequence:6 ---
#node_id rate rate_without_head
       0 31.0737 25.2335
       1 95.932 78.2148
       2 34.5549 24.8598
       3 106.189 78.2946
       4 42.8141 31.7264
       5 102.146 75.4002
       6 45.8137 34.0745
       7 92.6422 67.4956
       8 46.8688 34.6173
       9 102.53 75.0582
      10 14.1601 7.18881
      11 16.6457 4.24764


--- Simulation sequence:7 ---
#node_id rate rate_without_head
       0 64.5714 51.4477
       1 72.5219 58.9459
       2 76.1435 56.3433
       3 60.6825 44.6204
       4 74.6526 55.0548
       5 55.5445 41.0526
       6 76.7634 56.2743
       7 56.2867 41.5943
       8 76.1633 55.6936
       9 53.4456 39.479
      10 72.4542 52.6659
      11 59.6036 43.7566
      12 29.9589 18.0659
      13 15.0498 5.31415


--- Simulation sequence:8 ---
#node_id rate rate_without_head
       0 74.8924 60.729
       1 50.3449 40.3584
       2 76.2233 55.4135
       3 63.2304 47.0834
       4 70.2308 50.98
       5 56.4503 42.0668
       6 71.4565 51.6944
       7 49.609 36.6471
       8 72.7181 52.7231
       9 49.2639 36.3488
      10 73.7053 53.5238
      11 46.8829 34.6512
      12 81.8791 59.3479
      13 50.2443 37.0739
      14 19.7863 8.03885
      15 16.0525 8.48016


--- Simulation sequence:9 ---
#node_id rate rate_without_head
       0 50.1179 40.1701
       1 70.8009 57.3792
       2 51.0777 37.3207
       3 76.4305 56.8381
       4 44.6434 32.3107
       5 74.9996 55.6345
       6 40.8909 29.4611
       7 76.3085 56.4638
       8 38.6474 27.8435
       9 75.6046 55.9807
      10 43.9773 32.0682
      11 79.727 59.0952
      12 43.8789 32.1308
      13 73.7106 54.3717
      14 48.0357 34.8903
      15 73.8264 54.5936
      16 16.7772 8.63961
      17 19.1861 9.41831


--- Simulation sequence:10 ---
#node_id rate rate_without_head
       0 60.9432 49.7004
       1 45.613 36.8831
       2 63.1587 48.0016
       3 49.1761 36.177
       4 64.9602 49.2558
       5 66.5209 49.6573
       6 46.6259 34.7552
       7 64.1198 47.9171
       8 50.6679 37.6177
       9 63.6137 47.6188
      10 53.5164 39.6874
      11 61.7896 46.9677
      12 60.9778 45.5928
      13 57.9405 43.8704
      14 60.9025 45.6752
      15 50.0077 37.2091
      16 59.7656 44.8714
      17 51.095 37.888
      18 21.9281 12.9163
      19 27.3525 17.509


--- Simulation sequence:11 ---
#node_id rate rate_without_head
       0 45.8291 36.7176
       1 56.2479 45.6392
       2 48.1098 34.5064
       3 61.0892 45.2499
       4 52.8969 39.0719
       5 62.577 46.2746
       6 51.4266 38.0302
       7 45.9432 32.5993
       8 56.3907 41.4137
       9 54.129 39.4084
      10 50.2185 36.0718
      11 42.442 30.5215
      12 50.5899 36.4329
      13 41.4664 29.882
      14 48.9599 35.0652
      15 48.8162 35.0802
      16 45.4388 32.6018
      17 47.633 34.1033
      18 48.0819 34.5677
      19 47.5366 33.9775
      20 15.2247 7.02255
      21 13.616 5.74207


--- Simulation sequence:12 ---
#node_id rate rate_without_head
       0 49.6196 39.5636
       1 53.1436 42.3747
       2 46.7389 32.976
       3 57.5633 41.7378
       4 42.9914 29.9702
       5 55.1357 39.7013
       6 43.5023 30.4707
       7 53.9348 38.6361
       8 47.3446 33.3264
       9 52.4882 37.0468
      10 47.4955 33.5702
      11 46.8076 32.9618
      12 50.0586 35.5613
      13 47.9399 34.175
      14 47.1099 33.1696
      15 45.8579 32.8986
      16 47.0947 33.0832
      17 45.1227 32.4445
      18 47.2368 32.9928
      19 44.3563 31.6207
      20 50.8086 35.7265
      21 48.8619 34.7804
      22 13.3854 4.92825
      23 14.6953 6.18586


--- Simulation sequence:13 ---
#node_id rate rate_without_head
       0 40.0258 31.2687
       1 78.0815 63.4845
       2 60.8449 45.6619
       3 66.1622 48.0642
       4 65.5954 49.2388
       5 43.782 30.7726
       6 64.2774 47.9462
       7 38.3192 26.6314
       8 63.9807 47.3676
       9 39.8456 27.6486
      10 59.295 43.7609
      11 40.1128 27.9823
      12 56.0127 41.4398
      13 49.0884 35.5226
      14 47.9958 34.9287
      15 53.4059 38.5909
      16 47.1981 34.5569
      17 62.7247 46.2478
      18 39.8997 28.4192
      19 62.6683 45.918
      20 36.5566 26.0257
      21 66.1881 48.6139
      22 33.6952 23.7985
      23 70.663 51.6945
      24 16.2413 9.54502
      25 12.5176 2.90474


--- Simulation sequence:14 ---
#node_id rate rate_without_head
       0 64.5256 52.3591
       1 45.2363 36.0449
       2 60.4987 45.4579
       3 45.137 32.6547
       4 60.6211 45.7158
       5 47.9414 35.0681
       6 52.9389 39.8736
       7 50.8554 37.0332
       8 48.2083 36.1035
       9 50.1549 36.1076
      10 47.7542 35.7684
      11 48.9431 35.342
      12 46.5012 34.6508
      13 52.2455 38.1805
      14 47.8994 35.8128
      15 53.3894 39.2404
      16 55.5998 41.9077
      17 45.9489 33.3246
      18 51.8344 38.7142
      19 42.3358 30.3715
      20 47.4252 35.134
      21 41.516 29.9222
      22 51.8768 38.0981
      23 48.8695 36.0277
      24 50.1764 36.5288
      25 46.2883 34.4086
      26 11.7185 4.65511
      27 18.0828 10.6456


--- Simulation sequence:15 ---
#node_id rate rate_without_head
       0 63.5122 51.1301
       1 36.9268 29.0548
       2 62.211 44.8225
       3 40.4558 29.0501
       4 58.6437 42.2155
       5 39.1678 28.1768
       6 58.7632 42.3364
       7 32.6641 22.7676
       8 57.7505 41.7516
       9 32.8563 22.703
      10 54.849 39.7648
      11 35.6813 24.7706
      12 52.9435 38.3196
      13 39.4202 27.6339
      14 51.3579 36.9073
      15 40.3862 28.7162
      16 54.1055 38.7303
      17 39.6514 28.2249
      18 54.9714 39.3515
      19 36.741 25.9116
      20 55.0431 39.2103
      21 34.5325 24.4028
      22 57.3727 40.8752
      23 30.7321 21.7781
      24 61.4118 43.7484
      25 26.8633 18.867
      26 63.6901 45.4092
      27 28.4093 20.0927
      28 15.644 5.87432
      29 8.92093 3.62144


--- Simulation sequence:16 ---
#node_id rate rate_without_head
       0 56.3263 45.2087
       1 58.0774 46.9134
       2 44.2932 31.9013
       3 56.9416 42.2765
       4 44.1411 31.2386
       5 57.8849 43.088
       6 43.5567 30.9903
       7 57.4348 43.1431
       8 41.9898 29.5774
       9 60.2202 44.6932
      10 40.7514 28.8299
      11 60.6917 44.8657
      12 36.6746 25.8356
      13 58.3377 43.1634
      14 35.0759 24.7551
      15 60.7306 44.744
      16 35.2568 25.1723
      17 62.705 46.259
      18 33.789 24.05
      19 61.346 44.9832
      20 31.8349 22.6779
      21 63.6656 46.7058
      22 33.6711 24.1769
      23 64.038 46.9308
      24 32.3176 23.2201
      25 60.3677 44.1324
      26 35.1987 25.1052
      27 62.9022 45.8932
      28 33.9627 24.1278
      29 61.7397 45.1038
      30 7.71856 1.77481
      31 24.9084 14.7853


--- Simulation sequence:17 ---
#node_id rate rate_without_head
       0 69.9101 57.0304
       1 45.3725 36.409
       2 61.6085 46.0328
       3 47.1385 35.6645
       4 59.2187 44.0061
       5 47.6025 35.7077
       6 54.2585 40.3511
       7 44.4782 33.1405
       8 60.0975 44.985
       9 43.6676 32.2928
      10 58.9074 44.0683
      11 46.5048 34.6708
      12 50.7709 37.2196
      13 46.2185 34.5381
      14 51.7048 37.9917
      15 44.5658 33.5763
      16 54.3822 40.1359
      17 41.4047 30.9903
      18 54.9308 40.3445
      19 37.118 27.6586
      20 57.9977 42.7102
      21 36.3559 27.0332
      22 58.2485 42.946
      23 39.4363 29.2906
      24 57.9725 42.4195
      25 43.0018 32.1335
      26 53.0617 38.4899
      27 41.2468 30.8785
      28 56.5023 40.9999
      29 43.0608 32.1083
      30 57.7382 42.1508
      31 40.2278 29.9243
      32 12.6287 4.4902
      33 16.4544 10.0727


--- Simulation sequence:18 ---
#node_id rate rate_without_head
       0 44.5481 36.1576
       1 58.5346 47.5582
       2 43.7986 32.1773
       3 58.9778 44.0117
       4 46.4147 34.005
       5 57.8292 43.0541
       6 43.9649 32.0546
       7 53.5494 39.3122
       8 36.8919 26.7937
       9 53.4805 39.2098
      10 42.8369 31.239
      11 56.1301 41.2636
      12 43.0082 31.4532
      13 54.3062 39.8062
      14 41.219 30.051
      15 54.7131 39.7599
      16 39.6809 29.119
      17 53.8654 39.3646
      18 41.2577 30.3167
      19 55.2927 40.4168
      20 41.9939 30.9982
      21 54.7374 39.7835
      22 41.2711 30.4598
      23 58.2512 42.5703
      24 37.0547 27.0684
      25 59.2962 43.3469
      26 32.7382 23.9755
      27 56.4273 41.18
      28 36.1101 26.4175
      29 56.9494 41.5114
      30 38.0107 27.8268
      31 57.8261 42.2278
      32 38.5109 28.0475
      33 57.9024 42.3569
      34 12.6969 5.85583
      35 18.0119 9.33529


--- Simulation sequence:19 ---
#node_id rate rate_without_head
       0 45.1766 36.3383
       1 63.5152 51.7279
       2 41.3511 31.4848
       3 61.6357 47.7952
       4 45.1317 34.4822
       5 62.327 48.3328
       6 43.792 33.1511
       7 57.8989 44.6907
       8 62.9906 48.6047
       9 63.8716 49.7859
      10 59.0236 45.4464
      11 47.1289 36.1522
      12 55.6936 42.699
      13 44.7798 34.1358
      14 66.2141 50.8247
      15 39.9387 30.2983
      16 70.3883 53.9991
      17 35.3971 26.7516
      18 70.6804 54.5247
      19 32.5693 24.6049
      20 72.181 55.9504
      21 25.1947 18.6789
      22 56.7091 43.2626
      23 30.6816 23.1254
      24 48.97 36.9775
      25 36.338 26.9776
      26 43.2402 32.8787
      27 39.756 29.5354
      28 44.6489 33.7958
      29 40.801 30.2432
      30 46.7721 35.5756
      31 40.892 30.3255
      32 45.7715 34.7025
      33 47.5399 35.5337
      34 40.9001 30.7577
      35 49.5462 37.0753
      36 12.1756 7.10439
      37 13.5736 7.19531


--- Simulation sequence:20 ---
#node_id rate rate_without_head
       0 63.8142 51.5285
       1 43.7785 35.0311
       2 62.4694 48.192
       3 41.8031 30.6588
       4 60.5496 46.7331
       5 37.6457 27.4942
       6 59.1788 45.4707
       7 35.0024 25.4639
       8 63.8529 48.9721
       9 39.1621 28.6652
      10 56.4831 43.249
      11 37.5556 27.5734
      12 52.781 40.0841
      13 42.4741 31.2613
      14 49.0359 37.3775
      15 41.8094 31.0109
      16 47.7061 36.1292
      17 41.0179 30.3877
      18 47.6795 36.0474
      19 40.3395 29.9478
      20 51.3111 38.7328
      21 40.7118 30.2277
      22 53.1742 40.4454
      23 42.1775 31.4456
      24 51.537 39.0549
      25 42.2527 31.0106
      26 29.938 21.6766
      27 40.6012 29.8278
      28 29.7892 21.5239
      29 42.8905 31.3051
      30 32.0845 23.2205
      31 44.2271 31.9401
      32 30.352 21.9709
      33 39.5746 28.3824
      34 33.9115 24.6818
      35 39.9887 28.7116
      36 37.3828 27.268
      37 40.3454 28.9984
      38 10.7358 4.67011
      39 14.3602 7.15958


