Mon Nov  7 18:19:15 CST 2016
--- Simulation sequence:2 ---
#node_id rate rate_without_head
       0 206.901 169.763
       1 409.839 336.276
       2 37.1398 0
       3 73.5649 0


--- Simulation sequence:3 ---
#node_id rate rate_without_head
       0 170.534 139.923
       1 152.467 125.099
       2 201.134 139.917
       3 179.825 125.094
       4 30.6085 0
       5 27.3672 0


--- Simulation sequence:4 ---
#node_id rate rate_without_head
       0 4.84982 3.83145
       1 199.125 163.237
       2 4.27559 2.99313
       3 236.826 164.767
       4 2.58445 1.81251
       5 237.473 165.207
       6 1.75892 0.782696
       7 38.9799 2.41143


--- Simulation sequence:5 ---
#node_id rate rate_without_head
       0 102.518 82.8312
       1 53.6399 43.3652
       2 116.163 80.7506
       3 57.4581 39.9086
       4 113.579 78.9651
       5 54.6842 37.987
       6 115.378 80.179
       7 55.0496 38.2203
       8 26.6247 6.94937
       9 13.5384 3.28898


--- Simulation sequence:6 ---
#node_id rate rate_without_head
       0 125.72 102.073
       1 17.806 14.3
       2 149.347 103.917
       3 14.8562 10.1913
       4 147.519 102.695
       5 12.9653 8.80642
       6 145.978 101.569
       7 12.5571 8.38125
       8 145.53 101.267
       9 11.7459 7.87937
      10 31.5449 7.44096
      11 5.35462 1.7265


--- Simulation sequence:7 ---
#node_id rate rate_without_head
       0 73.4996 58.8843
       1 60.1834 48.2841
       2 86.8921 60.6211
       3 65.129 45.3154
       4 82.8776 57.9995
       5 56.5031 39.0125
       6 79.827 55.8543
       7 53.8595 37.1483
       8 79.23 55.3741
       9 55.8161 38.5617
      10 76.6297 53.4836
      11 59.8631 41.3165
      12 18.0841 5.01115
      13 16.3996 5.02929


--- Simulation sequence:8 ---
#node_id rate rate_without_head
       0 70.9776 57.2361
       1 58.5147 46.8101
       2 78.9812 55.0603
       3 62.1122 42.9743
       4 74.7895 51.9751
       5 57.9802 40.0769
       6 74.0469 51.3707
       7 61.8844 42.935
       8 69.1793 47.9181
       9 61.4546 42.7573
      10 69.3395 48.0421
      11 61.0486 42.3473
      12 72.6977 50.374
      13 59.5695 41.2807
      14 18.6517 5.37622
      15 14.7708 4.24636


--- Simulation sequence:9 ---
#node_id rate rate_without_head
       0 63.0143 50.4053
       1 53.1261 41.8428
       2 66.0579 45.9095
       3 61.2435 42.5727
       4 56.0685 38.9289
       5 57.8506 40.1474
       6 54.3347 37.7249
       7 57.4933 39.9135
       8 54.3599 37.705
       9 55.6135 38.6184
      10 57.8624 40.104
      11 56.5879 39.2708
      12 56.2841 39.0353
      13 51.99 36.0764
      14 70.5705 48.959
      15 56.6362 39.2881
      16 18.7363 6.42834
      17 11.3325 2.79031


--- Simulation sequence:10 ---
#node_id rate rate_without_head
       0 61.7779 49.6424
       1 55.1571 44.2579
       2 66.6537 46.3806
       3 73.534 51.0993
       4 59.2206 41.1437
       5 77.584 53.8303
       6 55.7853 38.7816
       7 68.6897 47.7083
       8 55.5897 38.6668
       9 72.2971 50.1135
      10 52.6383 36.7054
      11 71.2373 49.3596
      12 52.5293 36.5549
      13 67.3619 46.634
      14 51.0341 35.5041
      15 68.7174 47.5664
      16 53.922 37.4513
      17 73.6738 51.044
      18 19.1042 6.73319
      19 30.6228 15.4802


--- Simulation sequence:11 ---
#node_id rate rate_without_head
       0 28.143 20.6395
       1 79.1946 64.6038
       2 32.1265 22.2626
       3 74.1501 51.5555
       4 33.6752 23.3548
       5 69.6773 48.3362
       6 37.7686 26.1897
       7 67.5057 46.7981
       8 37.3627 25.8463
       9 66.201 45.8986
      10 33.6093 23.2557
      11 67.9761 47.1564
      12 32.542 22.5344
      13 70.3043 48.7864
      14 30.9799 21.4519
      15 74.0848 51.3996
      16 26.2369 18.1316
      17 75.6566 52.4555
      18 23.7885 16.4283
      19 77.5006 53.7445
      20 13.7876 8.43391
      21 14.5136 0.657935


--- Simulation sequence:12 ---
#node_id rate rate_without_head
       0 55.8482 43.758
       1 65.6433 52.987
       2 57.2628 39.5785
       3 67.9399 47.6103
       4 52.5113 36.2851
       5 68.842 48.1048
       6 49.3276 34.1289
       7 66.4084 46.3795
       8 51.8336 35.812
       9 64.3333 44.8716
      10 54.5851 37.553
      11 68.0041 47.3887
      12 52.698 36.2924
      13 66.4352 46.3788
      14 54.0524 37.2659
      15 65.1087 45.3406
      16 54.749 37.6775
      17 68.3368 47.5181
      18 49.5884 34.1417
      19 67.3927 46.9641
      20 50.6358 34.8411
      21 69.0819 48.0221
      22 16.781 6.54179
      23 19.0639 6.38439


--- Simulation sequence:13 ---
#node_id rate rate_without_head
       0 41.1936 32.439
       1 62.1746 50.3311
       2 49.8376 34.5987
       3 70.3005 48.9699
       4 53.5539 37.1214
       5 70.0893 48.804
       6 46.9791 32.46
       7 59.2774 41.2575
       8 49.3099 34.2921
       9 60.5792 42.142
      10 48.6554 33.8159
      11 59.7134 41.3075
      12 48.9941 34.062
      13 57.9546 39.9795
      14 48.8053 34.1163
      15 56.1877 38.7505
      16 51.8252 36.1134
      17 60.2668 41.5216
      18 45.2171 31.5346
      19 60.7732 41.9494
      20 45.0126 31.3717
      21 62.3757 43.0537
      22 43.4845 30.3085
      23 62.7508 43.3083
      24 17.3684 8.44433
      25 18.8757 6.07519


--- Simulation sequence:14 ---
#node_id rate rate_without_head
       0 79.0062 63.8537
       1 22.3148 17.4609
       2 85.5642 59.4664
       3 25.248 17.5179
       4 78.4006 54.4851
       5 24.9922 17.271
       6 78.1282 54.2516
       7 30.1579 21.0065
       8 73.2019 50.6739
       9 31.2648 21.762
      10 72.6956 50.3028
      11 31.7599 22.1189
      12 71.6387 49.5738
      13 30.5931 21.1714
      14 74.5259 51.7352
      15 31.3219 21.693
      16 73.7504 51.1853
      17 29.3374 20.3018
      18 74.401 51.6399
      19 29.4545 20.3916
      20 74.773 51.8882
      21 28.3265 19.603
      22 76.8813 53.3339
      23 32.051 22.1856
      24 74.8243 51.8973
      25 29.7996 20.6215
      26 14.1676 1.00068
      27 13.9641 7.62402


--- Simulation sequence:15 ---
#node_id rate rate_without_head
       0 24.2859 17.9775
       1 65.699 53.3902
       2 31.7769 21.903
       3 63.6932 44.4482
       4 42.9528 29.7444
       5 54.8929 38.2741
       6 44.3442 30.706
       7 41.7099 28.9843
       8 50.3076 34.8482
       9 39.1612 27.1736
      10 51.267 35.5136
      11 33.5045 23.2196
      12 52.612 36.42
      13 34.1038 23.6595
      14 53.4367 36.9833
      15 34.1802 23.7416
      16 52.5598 36.3795
      17 34.039 23.6308
      18 51.6918 35.8072
      19 42.481 29.4754
      20 48.9759 33.9158
      21 46.2752 32.0194
      22 45.9338 31.8872
      23 43.6008 30.1874
      24 40.8662 28.3369
      25 49.8938 34.5459
      26 34.1621 23.6899
      27 52.0559 36.0312
      28 23.4533 15.0889
      29 12.4284 1.11207


