Sat Jul  2 12:04:51 CST 2016
--- Simulation sequence:1 ---
#node_id rate rate_without_head
       0 226.988 186.244
       1 198.597 162.949
       2 501.712 349.07
       3 40.7342 0
       4 35.5759 0


--- Simulation sequence:2 ---
#node_id rate rate_without_head
       0 158.279 129.867
       1 180.435 148.046
       2 344.169 250.391
       3 344.247 250.454
       4 20.6333 0
       5 18.4782 0


--- Simulation sequence:3 ---
#node_id rate rate_without_head
       0 104.391 85.6521
       1 77.7093 63.759
       2 215.859 150.279
       3 215.762 150.185
       4 215.491 149.913
       5 18.9378 0
       6 14.1276 0


--- Simulation sequence:4 ---
#node_id rate rate_without_head
       0 67.3883 55.2878
       1 101.537 83.31
       2 197.149 137.37
       3 197.034 137.249
       4 196.765 136.99
       5 196.659 136.788
       6 12.2604 0
       7 18.3107 0


--- Simulation sequence:5 ---
#node_id rate rate_without_head
       0 82.9211 68.0327
       1 77.4556 63.5509
       2 187.209 130.837
       3 187.067 130.72
       4 186.68 130.338
       5 186.685 130.12
       6 186.191 129.491
       7 15.1035 0
       8 14.0884 0


--- Simulation sequence:6 ---
#node_id rate rate_without_head
       0 63.9719 52.4872
       1 83.7682 68.7304
       2 171.421 119.414
       3 171.748 119.667
       4 171.277 119.26
       5 171.253 119.162
       6 171.052 118.993
       7 170.713 118.611
       8 11.5907 0
       9 15.2843 0


--- Simulation sequence:7 ---
#node_id rate rate_without_head
       0 58.0999 47.6693
       1 79.126 64.9215
       2 161.862 112.79
       3 162.23 113.079
       4 161.736 112.664
       5 162.166 112.903
       6 162.033 112.777
       7 161.955 112.667
       8 161.595 112.266
       9 10.6693 0
      10 14.3736 0


--- Simulation sequence:8 ---
#node_id rate rate_without_head
       0 58.1647 47.7197
       1 82.424 67.6275
       2 162.029 113.093
       3 162.243 113.265
       4 161.679 112.792
       5 161.61 112.674
       6 161.469 112.589
       7 161.382 112.464
       8 161.268 112.291
       9 160.72 111.676
      10 10.5364 0
      11 14.8933 0


--- Simulation sequence:9 ---
#node_id rate rate_without_head
       0 64.5116 52.9301
       1 77.8032 63.8361
       2 163.56 116.269
       3 163.665 116.323
       4 162.861 115.659
       5 162.705 115.361
       6 162.557 115.237
       7 151.528 106.184
       8 151.641 106.184
       9 151.457 105.864
      10 151.139 105.44
      11 11.5163 0
      12 11.5783 0


--- Simulation sequence:10 ---
#node_id rate rate_without_head
       0 58.98 48.3914
       1 89.2586 73.2353
       2 169.567 120.652
       3 169.166 120.288
       4 168.526 119.78
       5 169.192 119.669
       6 169.076 119.675
       7 169.314 119.886
       8 169.429 119.975
       9 169.419 119.823
      10 169.611 119.836
      11 169.641 119.548
      12 10.1167 0
      13 14.5948 0


--- Simulation sequence:11 ---
#node_id rate rate_without_head
       0 42.6168 34.9651
       1 111.83 91.7556
       2 174.246 124.658
       3 173.73 124.207
       4 173.089 123.671
       5 172.829 123.303
       6 173.389 123.208
       7 173.384 123.224
       8 173.299 123.102
       9 173.213 122.926
      10 173.413 122.95
      11 173.623 122.869
      12 173.893 122.763
      13 7.06383 0
      14 18.1777 0


--- Simulation sequence:12 ---
#node_id rate rate_without_head
       0 61.6497 50.5819
       1 74.5177 61.1403
       2 155.502 111.476
       3 154.825 110.91
       4 153.874 110.137
       5 153.097 109.462
       6 152.417 108.924
       7 152.862 108.884
       8 142.702 100.53
       9 142.902 100.642
      10 143.031 100.67
      11 143.145 100.575
      12 143.219 100.424
      13 143.127 100.038
      14 10.659 0
      15 10.9978 0


--- Simulation sequence:13 ---
#node_id rate rate_without_head
       0 66.866 54.8619
       1 90.9088 74.5894
       2 175.37 126.627
       3 174.539 125.944
       4 173.147 124.767
       5 172.268 123.929
       6 171.759 123.56
       7 171.008 122.959
       8 171.781 123.371
       9 171.532 123.113
      10 171.894 123.314
      11 171.666 122.987
      12 172.156 123.167
      13 172.329 123.072
      14 172.64 122.909
      15 8.88658 0
      16 15.0042 0


--- Simulation sequence:14 ---
#node_id rate rate_without_head
       0 69.3231 56.875
       1 86.752 71.1786
       2 169.773 121.334
       3 168.552 120.315
       4 167.309 119.293
       5 165.944 118.146
       6 165.05 117.424
       7 164.484 116.968
       8 164.124 116.728
       9 162.931 115.75
      10 162.107 115.04
      11 162.275 115.002
      12 161.68 114.388
      13 162.113 114.493
      14 162.264 114.369
      15 162.474 114.206
      16 10.7133 0
      17 14.3111 0


--- Simulation sequence:15 ---
#node_id rate rate_without_head
       0 75.8195 62.2084
       1 74.8498 61.4126
       2 166.545 118.333
       3 165.425 117.392
       4 164.016 116.243
       5 163.081 115.419
       6 162.201 114.717
       7 161.596 114.215
       8 160.98 113.755
       9 160.681 113.507
      10 160.236 113.117
      11 160.382 113.168
      12 160.873 113.468
      13 160.948 113.378
      14 161.094 113.263
      15 161.207 113.135
      16 161.386 113.013
      17 12.5488 0
      18 12.27 0


