2015年 11月 16日 星期一 11:30:01 CST
--- Simulation sequence:1 ---
#node_id rate rate_without_head
       0 1042.27 0
       1 390.178 320.138
       2 460.321 320.16
       3 0.114557 0
       4 70.0206 0


--- Simulation sequence:2 ---
#node_id rate rate_without_head
       0 196.481 161.208
       1 174.989 143.573
       2 384.645 304.996
       3 384.705 305.053
       4 9.59707 0
       5 11.3736 0


--- Simulation sequence:3 ---
#node_id rate rate_without_head
       0 4.0611 3.29737
       1 199.405 163.607
       2 235.378 164.428
       3 235.355 164.406
       4 235.485 164.54
       5 0.225634 0
       6 34.9438 0


--- Simulation sequence:4 ---
#node_id rate rate_without_head
       0 77.7998 63.8171
       1 120.706 99.0337
       2 208.917 150.493
       3 209.244 150.821
       4 209.653 151.232
       5 209.631 151.211
       6 11.3018 0
       7 16.6103 0


--- Simulation sequence:5 ---
#node_id rate rate_without_head
       0 38.712 31.7563
       1 142.634 117.025
       2 201.353 149.674
       3 201.513 149.835
       4 201.762 150.084
       5 202.206 150.534
       6 202.422 150.747
       7 4.2037 0
       8 14.9449 0


--- Simulation sequence:6 ---
#node_id rate rate_without_head
       0 67.5435 55.4124
       1 112.313 92.1376
       2 176.261 134.16
       3 176.236 134.138
       4 176.646 134.549
       5 177.056 134.96
       6 177.591 135.495
       7 177.616 135.522
       8 4.61034 0
       9 9.72849 0


--- Simulation sequence:7 ---
#node_id rate rate_without_head
       0 91.4053 74.9918
       1 105.833 86.8119
       2 166.057 125.956
       3 166.277 126.172
       4 166.482 126.378
       5 166.702 126.604
       6 167.097 126.995
       7 167.425 127.323
       8 167.504 127.403
       9 7.78268 0
      10 8.35564 0


--- Simulation sequence:8 ---
#node_id rate rate_without_head
       0 27.7904 22.7945
       1 235.058 192.861
       2 260.073 210.635
       3 260.104 210.668
       4 260.097 210.662
       5 260.257 210.824
       6 260.21 210.778
       7 260.325 210.894
       8 260.485 211.055
       9 260.486 211.056
      10 2.83926 0
      11 0.73123 0


--- Simulation sequence:9 ---
#node_id rate rate_without_head
       0 101.589 83.3466
       1 108.27 88.8137
       2 177.315 133.245
       3 177.219 133.172
       4 177.266 133.208
       5 177.285 133.226
       6 177.302 133.246
       7 177.385 133.322
       8 177.786 133.726
       9 178.124 134.052
      10 178.335 134.255
      11 9.03508 0
      12 10.393 0


--- Simulation sequence:10 ---
#node_id rate rate_without_head
       0 90.9271 74.5932
       1 126.707 103.949
       2 181.114 138.448
       3 181.037 138.37
       4 181.043 138.374
       5 181.05 138.38
       6 181.14 138.468
       7 181.355 138.681
       8 181.777 139.101
       9 181.998 139.319
      10 182.451 139.772
      11 182.525 139.856
      12 7.20366 0
      13 8.97072 0


--- Simulation sequence:11 ---
#node_id rate rate_without_head
       0 106.86 87.6726
       1 74.6995 61.2843
       2 190.812 147.707
       3 190.707 147.621
       4 190.653 147.576
       5 190.595 147.513
       6 190.623 147.551
       7 190.661 147.59
       8 190.762 147.693
       9 190.883 147.815
      10 191.251 148.185
      11 191.413 148.347
      12 191.567 148.502
      13 6.83496 0
      14 4.08477 0


--- Simulation sequence:12 ---
#node_id rate rate_without_head
       0 107.919 88.5274
       1 97.958 80.3675
       2 177.444 134.985
       3 177.535 135.074
       4 177.542 135.079
       5 177.465 135.001
       6 177.555 135.089
       7 177.52 135.053
       8 177.527 135.058
       9 177.617 135.146
      10 177.791 135.318
      11 177.965 135.491
      12 178.208 135.736
      13 178.331 135.859
      14 6.86909 0
      15 8.92241 0


--- Simulation sequence:13 ---
#node_id rate rate_without_head
       0 196.214 160.989
       1 121.007 99.1538
       2 214.499 166.403
       3 214.513 166.407
       4 214.508 166.401
       5 214.494 166.39
       6 214.443 166.341
       7 214.396 166.296
       8 214.453 166.339
       9 214.459 166.347
      10 214.414 166.302
      11 214.557 166.41
      12 214.751 166.57
      13 214.782 166.566
      14 214.842 166.608
      15 10.6666 0
      16 21.1604 0


--- Simulation sequence:14 ---
#node_id rate rate_without_head
       0 199.708 163.856
       1 167.191 135.24
       2 209.299 164.797
       3 209.238 164.742
       4 209.217 164.724
       5 209.192 164.702
       6 209.16 164.67
       7 209.135 164.641
       8 209.081 164.59
       9 209.126 164.625
      10 209.08 164.58
      11 209.074 164.568
      12 209.196 164.691
      13 209.572 165.068
      14 209.652 165.149
      15 209.806 165.287
      16 8.2337 0
      17 26.1661 0


--- Simulation sequence:15 ---
#node_id rate rate_without_head
       0 44.4999 36.5051
       1 172.487 141.52
       2 220.084 174.265
       3 219.972 174.172
       4 219.968 174.169
       5 219.921 174.123
       6 219.916 174.119
       7 219.911 174.115
       8 219.894 174.1
       9 219.889 174.096
      10 219.885 174.093
      11 219.88 174.089
      12 219.876 174.086
      13 219.946 174.157
      14 220.14 174.361
      15 220.178 174.399
      16 220.387 174.609
      17 3.35861 0
      18 4.50487 0


--- Simulation sequence:16 ---
#node_id rate rate_without_head
       0 233.645 191.701
       1 159.668 130.511
       2 236.333 189.592
       3 236.265 189.535
       4 236.159 189.448
       5 236.153 189.444
       6 236.149 189.441
       7 236.171 189.466
       8 236.166 189.462
       9 236.161 189.457
      10 236.156 189.454
      11 236.158 189.44
      12 236.171 189.436
      13 236.175 189.431
      14 236.145 189.385
      15 236.234 189.457
      16 236.354 189.577
      17 236.473 189.698
      18 5.07775 0
      19 24.1294 0


--- Simulation sequence:17 ---
#node_id rate rate_without_head
       0 193.235 158.545
       1 78.1275 58.8254
       2 202.244 158.017
       3 202.15 157.94
       4 201.955 157.78
       5 201.963 157.785
       6 201.971 157.792
       7 201.979 157.798
       8 201.987 157.804
       9 201.995 157.81
      10 202.003 157.817
      11 202.053 157.865
      12 202.061 157.871
      13 202.07 157.878
      14 202.137 157.926
      15 202.239 158.016
      16 202.5 158.261
      17 202.587 158.34
      18 202.691 158.425
      19 9.66783 0
      20 45.4412 0


--- Simulation sequence:18 ---
#node_id rate rate_without_head
       0 237.25 194.659
       1 -0 -0
       2 241.772 194.656
       3 241.768 194.652
       4 241.759 194.644
       5 241.754 194.64
       6 241.75 194.637
       7 241.746 194.634
       8 241.742 194.63
       9 241.725 194.616
      10 241.72 194.612
      11 241.714 194.607
      12 241.709 194.603
      13 241.696 194.592
      14 241.692 194.589
      15 241.686 194.584
      16 241.823 194.704
      17 241.836 194.7
      18 242.004 194.859
      19 242.083 194.902
      20 7.65991 0
      21 -0 -0


--- Simulation sequence:19 ---
#node_id rate rate_without_head
       0 66.7423 54.6388
       1 262.425 215.315
       2 259.907 207.753
       3 259.926 207.775
       4 259.931 207.787
       5 259.941 207.795
       6 259.952 207.804
       7 259.961 207.811
       8 259.972 207.819
       9 259.981 207.827
      10 259.991 207.835
      11 260 207.842
      12 260.012 207.851
      13 260.02 207.858
      14 260.073 207.909
      15 260.082 207.916
      16 260.118 207.944
      17 260.147 207.953
      18 260.217 208.003
      19 260.29 208.01
      20 260.453 208.106
      21 5.32742 0
      22 6.5585 0


--- Simulation sequence:20 ---
#node_id rate rate_without_head
       0 -0 -0
       1 251.825 206.618
       2 254.82 206.448
       3 254.511 206.195
       4 254.405 206.108
       5 254.442 206.145
       6 254.436 206.14
       7 254.431 206.136
       8 254.426 206.132
       9 254.422 206.129
      10 254.417 206.125
      11 254.411 206.12
      12 254.406 206.115
      13 254.4 206.111
      14 254.395 206.106
      15 254.389 206.101
      16 254.406 206.1
      17 254.411 206.096
      18 254.424 206.093
      19 254.469 206.13
      20 254.599 206.251
      21 254.603 206.239
      22 -0 -0
      23 6.16239 0


