Mon Jun 27 19:31:52 CST 2016
--- Simulation sequence:2 ---
#node_id rate rate_without_head
       0 300.968 246.946
       1 304.513 249.854
       2 53.6928 0
       3 54.3229 0


--- Simulation sequence:3 ---
#node_id rate rate_without_head
       0 146.551 120.245
       1 144.064 118.204
       2 172.737 120.2
       3 169.902 118.207
       4 26.2524 0
       5 25.8463 0


--- Simulation sequence:4 ---
#node_id rate rate_without_head
       0 83.3987 68.2084
       1 99.4622 81.3847
       2 94.3624 68.5587
       3 110.21 80.3646
       4 95.8686 69.3937
       5 109.785 80.4812
       6 19.4045 5.43831
       7 19.43 4.61226


--- Simulation sequence:5 ---
#node_id rate rate_without_head
       0 69.6001 56.6479
       1 68.3266 55.7506
       2 80.9956 57.4854
       3 77.7716 55.314
       4 78.1499 55.4058
       5 76.05 54.0091
       6 76.6964 54.2507
       7 76.4463 54.2428
       8 19.5014 6.0438
       9 20.68 7.16319


--- Simulation sequence:6 ---
#node_id rate rate_without_head
       0 66.1562 53.8392
       1 70.2938 56.2622
       2 61.7266 44.5192
       3 74.799 53.7533
       4 62.3656 44.7195
       5 75.5109 54.436
       6 60.9185 43.4855
       7 72.3775 52.2957
       8 66.1408 47.0892
       9 72.6227 51.8004
      10 17.6528 5.85426
      11 21.044 8.65629


--- Simulation sequence:7 ---
#node_id rate rate_without_head
       0 67.6375 54.9117
       1 58.9052 47.7125
       2 67.7424 49.4481
       3 60.9567 44.6925
       4 64.5519 47.0127
       5 58.7472 42.8302
       6 61.0796 44.3612
       7 56.4901 41.212
       8 64.0808 46.2631
       9 58.2884 42.3402
      10 67.0096 47.9828
      11 58.8825 42.2299
      12 19.7835 8.12941
      13 19.7674 9.18339


--- Simulation sequence:8 ---
#node_id rate rate_without_head
       0 64.5447 52.1303
       1 58.9387 47.3367
       2 62.9952 46.1585
       3 59.225 42.8944
       4 59.2209 43.0348
       5 56.114 40.4695
       6 58.3146 42.1449
       7 54.7312 39.2023
       8 59.6585 43.2827
       9 53.3423 38.353
      10 62.3113 45.1238
      11 52.8587 38.052
      12 62.1002 44.6818
      13 52.7455 37.4768
      14 19.3819 8.18743
      15 18.368 7.85473


--- Simulation sequence:9 ---
#node_id rate rate_without_head
       0 68.4139 55.2244
       1 65.5823 52.8012
       2 61.072 44.5749
       3 61.0493 44.9325
       4 58.5457 42.663
       5 59.0258 43.2482
       6 56.3579 40.7125
       7 59.2331 42.9454
       8 55.7755 40.7141
       9 59.2922 43.0978
      10 55.9928 40.6895
      11 59.0397 42.8088
      12 56.3972 40.7572
      13 59.4621 42.8656
      14 57.6937 41.2319
      15 59.4924 42.6305
      16 18.7828 7.79942
      17 18.2917 7.6876


--- Simulation sequence:10 ---
#node_id rate rate_without_head
       0 63.9928 51.5036
       1 59.8055 48.3553
       2 63.3539 46.7892
       3 53.2545 38.515
       4 59.6194 43.928
       5 52.5221 38.0222
       6 57.2742 41.707
       7 51.9559 37.3238
       8 56.9416 41.3188
       9 52.9835 38.0908
      10 57.3233 41.787
      11 54.752 39.4483
      12 50.1828 36.4283
      13 54.1065 39.1474
      14 50.2389 36.0851
      15 53.7969 38.4135
      16 51.5103 36.6679
      17 53.9277 38.233
      18 19.2818 9.04902
      19 18.7833 8.23414


--- Simulation sequence:11 ---
#node_id rate rate_without_head
       0 58.0282 46.5477
       1 60.2281 48.8667
       2 58.9666 42.643
       3 57.533 42.1945
       4 53.7876 38.7761
       5 54.4393 39.6168
       6 52.9119 38.0206
       7 54.563 39.342
       8 51.8927 37.1587
       9 55.9231 40.2968
      10 50.3331 36.2585
      11 56.4382 41.16
      12 49.8712 35.6235
      13 54.1202 39.0467
      14 51.3263 36.7129
      15 54.8477 39.4129
      16 51.2358 36.4371
      17 53.755 38.4757
      18 53.0794 37.3128
      19 51.7339 36.6447
      20 17.5473 7.2119
      21 14.396 4.75176


--- Simulation sequence:12 ---
#node_id rate rate_without_head
       0 61.1262 49.2047
       1 63.3754 51.2696
       2 56.2066 40.9447
       3 61.7008 45.6758
       4 54.3163 39.3128
       5 62.8625 46.6759
       6 49.1636 35.0703
       7 59.8495 44.2234
       8 49.9461 35.5959
       9 60.6561 44.7821
      10 50.0162 35.7598
      11 59.73 44.0125
      12 50.4582 36.3843
      13 58.8363 43.1967
      14 48.8109 35.1144
      15 56.9612 41.7668
      16 49.1832 35.3209
      17 57.2478 41.7851
      18 48.7673 34.5655
      19 58.2046 42.1056
      20 52.048 36.7176
      21 59.9536 42.7074
      22 17.9506 7.75459
      23 20.5227 9.38358


--- Simulation sequence:13 ---
#node_id rate rate_without_head
       0 65.9883 53.0171
       1 59.1892 47.567
       2 62.736 46.5422
       3 51.4958 37.9037
       4 57.5528 42.6406
       5 48.6662 36.0272
       6 56.2302 41.2392
       7 48.3155 35.3672
       8 56.2503 41.3824
       9 50.7532 37.0721
      10 53.0157 39.0798
      11 51.4944 37.6873
      12 51.2186 37.6936
      13 50.8316 37.2198
      14 49.2331 36.0778
      15 51.6238 37.9733
      16 49.4271 35.7883
      17 53.0267 38.9278
      18 43.7349 31.2842
      19 52.7222 38.4303
      20 43.4687 30.8861
      21 55.0203 39.9344
      22 46.7899 33.132
      23 56.7562 40.9278
      24 14.4705 5.49247
      25 17.5746 7.83107


--- Simulation sequence:14 ---
#node_id rate rate_without_head
       0 58.7528 47.4028
       1 56.8134 45.6551
       2 58.0402 42.6058
       3 59.6287 43.7788
       4 53.5939 39.1457
       5 55.5943 40.567
       6 51.4306 37.277
       7 51.2917 36.8197
       8 52.1205 37.7026
       9 51.5015 36.8112
      10 51.5314 37.2488
      11 50.2965 36.0695
      12 53.4244 38.6514
      13 52.0923 37.398
      14 51.4902 37.3492
      15 50.8507 36.768
      16 52.0228 37.4459
      17 50.9762 36.9799
      18 52.3394 37.3218
      19 49.7984 36.2298
      20 54.6114 38.8418
      21 48.838 35.3146
      22 54.4573 38.5927
      23 45.0572 32.1171
      24 57.9069 40.9799
      25 47.3436 33.6204
      26 19.2278 8.56891
      27 15.482 6.46116


--- Simulation sequence:15 ---
#node_id rate rate_without_head
       0 63.6526 51.6182
       1 52.8084 42.5155
       2 62.3103 45.7339
       3 54.3333 39.7728
       4 57.1034 41.8894
       5 55.7949 41.2256
       6 51.0887 36.9841
       7 55.3033 40.3203
       8 51.8428 37.712
       9 53.6345 38.9162
      10 51.0035 37.0947
      11 50.9008 36.8455
      12 53.7155 39.155
      13 51.5236 37.2849
      14 52.1308 37.9607
      15 48.385 34.8574
      16 51.9001 37.7459
      17 49.5307 35.7358
      18 52.1957 37.7264
      19 51.0147 37.1356
      20 50.5852 36.1018
      21 50.2095 36.4502
      22 50.5476 35.8387
      23 48.8457 35.1612
      24 50.944 35.9739
      25 48.7778 34.9971
      26 52.8023 37.338
      27 50.6379 36.0677
      28 14.9508 5.04216
      29 17.8858 8.39625


--- Simulation sequence:16 ---
#node_id rate rate_without_head
       0 56.6684 45.4148
       1 69.1883 56.1254
       2 56.7697 42.0999
       3 61.2165 45.6182
       4 53.7335 39.4274
       5 57.198 42.5634
       6 53.1195 38.7333
       7 57.0189 42.4012
       8 52.2308 38.1153
       9 55.0426 40.4927
      10 54.5399 39.9587
      11 54.6163 40.1505
      12 53.4025 39.1214
      13 54.5129 40.2187
      14 50.3657 36.8475
      15 53.833 39.6683
      16 50.6192 37.0678
      17 56.0553 41.2786
      18 48.9333 35.8029
      19 54.7482 40.2752
      20 47.9144 34.9203
      21 56.1724 41.3711
      22 47.0341 33.9209
      23 55.7739 40.8239
      24 49.1704 35.4342
      25 55.4943 40.299
      26 48.896 35.0508
      27 55.1476 39.7345
      28 48.7597 34.6629
      29 59.4963 42.7156
      30 18.337 9.10575
      31 16.3872 5.71206


--- Simulation sequence:17 ---
#node_id rate rate_without_head
       0 63.987 51.854
       1 61.7598 49.3653
       2 57.4784 42.8375
       3 58.057 42.2532
       4 53.3823 39.4764
       5 56.6373 40.9819
       6 48.7819 35.5777
       7 55.2809 39.7508
       8 51.2133 37.3234
       9 54.4539 39.0446
      10 54.0074 39.5566
      11 51.2024 36.5467
      12 52.3538 38.3411
      13 49.0731 35.0942
      14 51.7376 37.6399
      15 51.1133 36.6374
      16 51.9491 37.8523
      17 50.8774 36.6613
      18 49.6885 36.1042
      19 48.0971 34.56
      20 50.9395 36.8065
      21 49.849 35.833
      22 49.8898 35.8118
      23 51.5319 37.178
      24 48.0943 34.311
      25 51.6229 37.2183
      26 49.1402 34.9714
      27 51.0624 36.4896
      28 49.3465 35.1071
      29 49.9349 35.4983
      30 49.1451 34.61
      31 52.3893 37.0621
      32 12.9769 3.93293
      33 16.9932 7.24072


--- Simulation sequence:18 ---
#node_id rate rate_without_head
       0 63.3646 51.263
       1 63.7184 51.599
       2 57.9845 43.135
       3 57.6797 42.7439
       4 55.9145 41.5954
       5 54.7296 40.5351
       6 55.1016 40.5886
       7 52.5979 38.5465
       8 52.8105 38.9421
       9 52.3502 38.5727
      10 50.4182 36.9197
      11 55.4205 40.8051
      12 49.3371 36.1887
      13 54.4489 39.8787
      14 48.6379 35.6371
      15 51.5626 37.5007
      16 49.3564 36.4941
      17 51.8157 37.8712
      18 48.5283 35.7626
      19 51.9766 37.8822
      20 48.869 35.7118
      21 51.5721 37.5946
      22 51.12 37.3321
      23 51.2029 37.4443
      24 51.5317 37.4826
      25 51.0175 37.1566
      26 48.7895 35.4767
      27 49.1239 35.593
      28 48.5635 35.1878
      29 48.1801 34.6294
      30 50.4169 36.19
      31 50.048 35.7952
      32 49.4775 35.1559
      33 51.8523 36.7413
      34 13.3305 4.76231
      35 14.8462 5.57197


--- Simulation sequence:19 ---
#node_id rate rate_without_head
       0 52.3504 42.124
       1 64.2845 51.8332
       2 49.1136 35.7473
       3 65.9644 49.1851
       4 44.0367 31.8479
       5 59.9237 44.6368
       6 45.3266 32.8677
       7 59.0212 43.8545
       8 45.9937 33.2033
       9 58.9902 43.524
      10 45.6729 33.0078
      11 55.5023 40.9746
      12 49.1785 35.601
      13 53.0333 39.078
      14 49.5423 35.8061
      15 48.4159 35.5164
      16 50.5489 36.669
      17 46.9003 34.2182
      18 50.4371 36.7102
      19 47.3642 34.6626
      20 50.7614 36.9442
      21 48.3049 35.1777
      22 50.763 36.9725
      23 48.3632 35.1764
      24 49.4876 35.9015
      25 50.4719 36.6912
      26 48.4882 35.0416
      27 49.8031 35.8864
      28 48.4161 34.9779
      29 48.4515 34.7997
      30 47.1728 33.6393
      31 47.2422 33.6947
      32 49.9288 35.471
      33 50.115 35.6704
      34 50.7101 35.7315
      35 48.499 34.0932
      36 18.3727 8.67987
      37 13.5082 4.52588


--- Simulation sequence:20 ---
#node_id rate rate_without_head
       0 61.4912 49.6425
       1 61.4352 49.8029
       2 61.39 45.5833
       3 58.8482 44.1117
       4 56.1031 41.2206
       5 54.8627 40.7968
       6 54.8038 40.1004
       7 52.941 39.2053
       8 54.4136 39.7968
       9 50.8477 37.2441
      10 54.5021 39.9669
      11 49.3 35.7626
      12 52.8676 38.6626
      13 46.5408 33.6648
      14 52.5297 38.4297
      15 47.9844 34.7901
      16 51.2396 37.4505
      17 48.626 35.1195
      18 49.8608 36.5216
      19 49.1314 35.6028
      20 50.595 37.0596
      21 48.4395 35.1903
      22 51.8659 38.0005
      23 48.8733 35.7451
      24 47.7927 34.816
      25 49.2433 36.1131
      26 47.6574 34.6655
      27 52.1693 37.8833
      28 45.7358 33.1701
      29 51.2924 37.0081
      30 45.9953 33.2399
      31 51.6308 37.138
      32 45.8202 32.8768
      33 51.799 37.0567
      34 46.1784 32.9085
      35 49.6858 35.259
      36 47.8669 33.9578
      37 48.3623 34.2172
      38 15.7545 6.50196
      39 16.2143 6.88571


