2016年 05月 19日 星期四 17:03:10 CST
--- Simulation sequence:1 ---
#node_id rate rate_without_head
       0 215.134 176.518
       1 211.197 173.287
       2 502.786 349.76
       3 38.6146 0
       4 37.9061 0


--- Simulation sequence:2 ---
#node_id rate rate_without_head
       0 125.984 103.369
       1 111.598 91.5645
       2 265.733 186.034
       3 265.749 186.047
       4 21.8289 0
       5 19.0311 0


--- Simulation sequence:3 ---
#node_id rate rate_without_head
       0 89.2368 73.2174
       1 106.331 87.2431
       2 225.365 156.963
       3 225.35 156.949
       4 225.355 156.95
       5 15.9229 0
       6 19.0033 0


--- Simulation sequence:4 ---
#node_id rate rate_without_head
       0 88.865 72.9124
       1 86.4914 70.9648
       2 206.314 143.665
       3 206.319 143.67
       4 206.318 143.669
       5 206.41 143.667
       6 15.8957 0
       7 15.4764 0


--- Simulation sequence:5 ---
#node_id rate rate_without_head
       0 85.527 70.1735
       1 82.7224 67.8698
       2 196.066 136.525
       3 196.027 136.492
       4 196.033 136.496
       5 196.065 136.472
       6 196.104 136.472
       7 15.2881 0
       8 14.8139 0


--- Simulation sequence:6 ---
#node_id rate rate_without_head
       0 79.7836 65.4607
       1 87.4621 71.7613
       2 188.27 131.082
       3 188.235 131.053
       4 188.176 131.004
       5 188.215 130.976
       6 188.236 130.974
       7 188.254 130.972
       8 14.2787 0
       9 15.6962 0


--- Simulation sequence:7 ---
#node_id rate rate_without_head
       0 75.5073 61.9522
       1 80.2725 65.8621
       2 183.206 127.581
       3 182.984 127.4
       4 182.921 127.35
       5 182.953 127.326
       6 182.963 127.312
       7 182.984 127.322
       8 182.996 127.318
       9 13.4968 0
      10 14.3404 0


--- Simulation sequence:8 ---
#node_id rate rate_without_head
       0 74.1185 60.8127
       1 78.7697 64.6291
       2 179.159 124.781
       3 178.988 124.638
       4 178.833 124.51
       5 178.754 124.424
       6 178.686 124.356
       7 178.678 124.341
       8 178.682 124.328
       9 178.703 124.332
      10 13.2272 0
      11 14.0393 0


--- Simulation sequence:9 ---
#node_id rate rate_without_head
       0 132.166 108.441
       1 72.2269 59.2232
       2 171.293 119.269
       3 171.14 119.143
       4 171.012 119.04
       5 170.991 118.998
       6 170.901 118.915
       7 170.886 118.89
       8 170.893 118.876
       9 170.898 118.871
      10 170.9 118.872
      11 23.6417 0
      12 12.9124 0


--- Simulation sequence:10 ---
#node_id rate rate_without_head
       0 75.051 61.5778
       1 74.6551 61.2478
       2 172.807 120.357
       3 172.688 120.258
       4 172.606 120.191
       5 172.507 120.084
       6 172.372 119.965
       7 172.338 119.929
       8 172.348 119.928
       9 172.37 119.937
      10 172.373 119.93
      11 172.375 119.913
      12 13.3999 0
      13 13.3465 0


--- Simulation sequence:11 ---
#node_id rate rate_without_head
       0 69.2122 56.787
       1 76.0665 62.4111
       2 170.91 119.086
       3 170.72 118.93
       4 170.553 118.798
       5 170.41 118.65
       6 170.358 118.6
       7 170.307 118.545
       8 170.306 118.53
       9 170.292 118.497
      10 170.304 118.493
      11 170.279 118.465
      12 170.29 118.465
      13 12.348 0
      14 13.5821 0


--- Simulation sequence:12 ---
#node_id rate rate_without_head
       0 73.2025 60.0584
       1 73.2017 60.0605
       2 168.888 117.65
       3 168.752 117.539
       4 168.603 117.414
       5 168.497 117.303
       6 168.389 117.211
       7 168.281 117.119
       8 168.238 117.077
       9 168.192 117.035
      10 168.177 117.014
      11 168.178 117.006
      12 168.183 117.008
      13 168.204 117.009
      14 13.0409 0
      15 13.0574 0


--- Simulation sequence:13 ---
#node_id rate rate_without_head
       0 68.4118 56.1297
       1 86.6524 71.097
       2 166.715 116.163
       3 166.663 116.121
       4 166.611 116.074
       5 166.485 115.951
       6 166.42 115.898
       7 166.267 115.764
       8 166.19 115.684
       9 166.141 115.634
      10 166.137 115.615
      11 166.105 115.579
      12 166.128 115.576
      13 166.119 115.561
      14 166.124 115.56
      15 12.1949 0
      16 15.4646 0


--- Simulation sequence:14 ---
#node_id rate rate_without_head
       0 74.3742 61.0225
       1 67.0985 55.0527
       2 166.424 115.976
       3 166.377 115.936
       4 166.195 115.787
       5 166.18 115.751
       6 166.044 115.632
       7 166.005 115.592
       8 165.904 115.499
       9 165.874 115.457
      10 165.796 115.37
      11 165.803 115.362
      12 165.82 115.365
      13 165.829 115.367
      14 165.834 115.369
      15 165.839 115.37
      16 13.2782 0
      17 11.956 0


--- Simulation sequence:15 ---
#node_id rate rate_without_head
       0 72.6986 59.647
       1 80.9379 66.4081
       2 164.093 114.338
       3 163.992 114.255
       4 163.881 114.162
       5 163.691 113.999
       6 163.62 113.931
       7 163.516 113.838
       8 163.502 113.815
       9 163.436 113.755
      10 163.371 113.689
      11 163.323 113.637
      12 163.322 113.636
      13 163.33 113.636
      14 163.328 113.63
      15 163.33 113.631
      16 163.335 113.633
      17 12.9606 0
      18 14.421 0


--- Simulation sequence:16 ---
#node_id rate rate_without_head
       0 82.6535 67.8158
       1 71.9641 59.0379
       2 162.241 113.03
       3 162.209 113.004
       4 162.17 112.97
       5 162.13 112.922
       6 162.085 112.882
       7 161.96 112.774
       8 161.847 112.681
       9 161.751 112.589
      10 161.689 112.528
      11 161.648 112.478
      12 161.654 112.463
      13 161.659 112.462
      14 161.649 112.443
      15 161.64 112.435
      16 161.645 112.436
      17 161.655 112.439
      18 14.7647 0
      19 12.8512 0


--- Simulation sequence:17 ---
#node_id rate rate_without_head
       0 71.8348 58.9389
       1 66.661 54.6938
       2 162.872 113.526
       3 162.796 113.462
       4 162.676 113.362
       5 162.597 113.284
       6 162.423 113.136
       7 162.331 113.053
       8 162.186 112.928
       9 162.125 112.874
      10 162.111 112.852
      11 162.083 112.823
      12 162.064 112.794
      13 162.072 112.794
      14 162.078 112.789
      15 162.073 112.773
      16 162.078 112.77
      17 162.063 112.756
      18 162.092 112.761
      19 12.7967 0
      20 11.8763 0


--- Simulation sequence:18 ---
#node_id rate rate_without_head
       0 68.2563 55.9902
       1 99.6628 81.7721
       2 157.037 109.381
       3 157.036 109.38
       4 157.017 109.365
       5 156.982 109.319
       6 156.94 109.28
       7 156.899 109.245
       8 156.802 109.161
       9 156.781 109.136
      10 156.735 109.09
      11 156.733 109.078
      12 156.668 109.024
      13 156.667 109.015
      14 156.646 108.988
      15 156.614 108.953
      16 156.622 108.954
      17 156.625 108.956
      18 156.605 108.938
      19 156.612 108.937
      20 12.1909 0
      21 17.8199 0


--- Simulation sequence:19 ---
#node_id rate rate_without_head
       0 69.0179 56.6151
       1 98.3108 80.6628
       2 155.904 108.584
       3 155.822 108.517
       4 155.812 108.508
       5 155.786 108.48
       6 155.751 108.45
       7 155.719 108.422
       8 155.648 108.363
       9 155.567 108.29
      10 155.56 108.276
      11 155.499 108.219
      12 155.45 108.173
      13 155.436 108.157
      14 155.433 108.142
      15 155.429 108.141
      16 155.392 108.107
      17 155.406 108.106
      18 155.414 108.106
      19 155.41 108.101
      20 155.422 108.103
      21 12.3344 0
      22 17.5627 0


--- Simulation sequence:20 ---
#node_id rate rate_without_head
       0 62.5267 51.2893
       1 90.9737 74.6426
       2 156.389 108.953
       3 156.338 108.911
       4 156.27 108.856
       5 156.201 108.793
       6 156.156 108.749
       7 156.102 108.703
       8 156.061 108.66
       9 156.024 108.622
      10 156.018 108.612
      11 155.976 108.57
      12 155.938 108.539
      13 155.904 108.501
      14 155.84 108.446
      15 155.824 108.423
      16 155.806 108.393
      17 155.817 108.392
      18 155.786 108.365
      19 155.798 108.37
      20 155.803 108.372
      21 155.814 108.374
      22 11.1371 0
      23 16.2566 0


