Fri Aug 27 14:12:58 CST 2010
SIMULATION DURATION: 300.0S, AODV+TCP

--- Hop Node Number:100ms ---
#       flow   flowType   src   dst            time         throughput

           0        tcp     0     9         2.61338            76.3869
           0        tcp     0     9         3.67195            85.1262
           0        tcp     0     9         4.68311            97.2192
           0        tcp     0     9         5.70515            140.268
           0        tcp     0     9         6.74555            106.297
           0        tcp     0     9         7.77222            83.7821
           0        tcp     0     9         8.79166            140.626
           0        tcp     0     9          9.8074            145.171
           0        tcp     0     9         10.8415            126.755
           0        tcp     0     9         11.8647            88.0636
           0        tcp     0     9         12.8833            80.4252
           0        tcp     0     9         13.8873            138.706
           0        tcp     0     9         14.8904            110.251
           0        tcp     0     9         15.9337            141.343
           0        tcp     0     9         16.9582            83.9562
           0        tcp     0     9          17.974            124.998
           0        tcp     0     9         18.9997            139.773
           0        tcp     0     9         20.0142             141.31
           0        tcp     0     9          21.019            101.908
           0        tcp     0     9         22.0552            83.0124
           0        tcp     0     9         23.0773            128.245
           0        tcp     0     9         24.0861            113.684
           0        tcp     0     9         25.0992            133.418
           0        tcp     0     9         26.1144            117.006
           0        tcp     0     9         27.1565            110.057
           0        tcp     0     9          28.165            81.2292
           0        tcp     0     9         29.1697            97.8382
           0        tcp     0     9          30.206             134.39
           0        tcp     0     9         31.2389            83.2812
           0        tcp     0     9         32.2545            137.125
           0        tcp     0     9         33.2566            106.265
           0        tcp     0     9         34.2765            136.548
           0        tcp     0     9          35.339            84.8096
           0        tcp     0     9         36.3395            81.8845
           0        tcp     0     9         37.3669            103.649
           0        tcp     0     9         38.3741             130.14
           0        tcp     0     9         39.3942            108.417
           0        tcp     0     9         40.4013            138.276
           0        tcp     0     9         41.4487            101.679
           0        tcp     0     9         42.4886            82.7175
           0        tcp     0     9          43.512            124.068
           0        tcp     0     9         44.5178            105.881
           0        tcp     0     9          45.535            136.911
           0        tcp     0     9          46.612            79.8697
           0        tcp     0     9         47.6231            141.779
           0        tcp     0     9         48.6497            139.644
           0        tcp     0     9         49.6695            104.426
           0        tcp     0     9         50.6761            134.282
           0        tcp     0     9           51.68            102.006
           0        tcp     0     9         52.6933            125.307
           0        tcp     0     9         53.7115            96.5487
           0        tcp     0     9          54.745            122.858
           0        tcp     0     9         55.7892            90.2231
           0        tcp     0     9         56.8137            139.926
           0        tcp     0     9          57.816            106.249
           0        tcp     0     9         58.8364            144.515
           0        tcp     0     9         59.8439            113.836
           0        tcp     0     9         60.8546            113.474
           0        tcp     0     9         61.8842            107.411
           0        tcp     0     9         62.9014            80.5344
           0        tcp     0     9         63.9244            132.128
           0        tcp     0     9         64.9269            106.228
           0        tcp     0     9         65.9405            121.232
           0        tcp     0     9         66.9542            101.015
           0        tcp     0     9          67.965            109.415
           0        tcp     0     9         68.9736            142.134
           0        tcp     0     9         69.9801            109.876
           0        tcp     0     9         71.0095            103.459
           0        tcp     0     9         72.0263            120.846
           0        tcp     0     9          73.048            128.293
           0        tcp     0     9         74.0499            98.1135
           0        tcp     0     9         75.0531             130.66
           0        tcp     0     9         76.0749            140.295
           0        tcp     0     9         77.0816            105.793
           0        tcp     0     9         78.1264            86.2467
           0        tcp     0     9          79.144            80.5034
           0        tcp     0     9         80.1459            138.996
           0        tcp     0     9          81.147            90.0138
           0        tcp     0     9         82.1835            75.0846
           0        tcp     0     9         83.2087            127.845
           0        tcp     0     9         84.2345            127.777
           0        tcp     0     9         85.2371             142.99
           0        tcp     0     9         86.2515            104.986
           0        tcp     0     9         87.2667            137.181
           0        tcp     0     9          88.295            79.6615
           0        tcp     0     9         89.3006            77.3932
           0        tcp     0     9         90.3018            147.281
           0        tcp     0     9         91.3126            141.822
           0        tcp     0     9         92.3353            144.184
           0        tcp     0     9         93.3875             85.643
           0        tcp     0     9         94.4099            128.206
           0        tcp     0     9         95.4412            119.151
           0        tcp     0     9         96.4605            116.529
           0        tcp     0     9         97.4894            115.448
           0        tcp     0     9          98.556            84.4869
           0        tcp     0     9         99.5742            100.564



--- Hop Node Number:200ms ---
#       flow   flowType   src   dst            time         throughput

           0        tcp     0     9         3.18418            96.2548
           0        tcp     0     9         4.18807            146.884
           0        tcp     0     9         5.21611             111.56
           0        tcp     0     9         6.21755            114.522
           0        tcp     0     9         7.26553            117.255
           0        tcp     0     9         8.27337             117.86
           0        tcp     0     9         9.27964            109.903
           0        tcp     0     9         10.3033             136.04
           0        tcp     0     9         11.3241            112.358
           0        tcp     0     9         12.3632            106.432
           0        tcp     0     9         13.3824            144.671
           0        tcp     0     9         14.4057             92.062
           0        tcp     0     9         15.4336            139.469
           0        tcp     0     9         16.4387            110.034
           0        tcp     0     9         17.4629            83.9847
           0        tcp     0     9         18.4671            134.605
           0        tcp     0     9          19.482            145.284
           0        tcp     0     9         20.4873            110.007
           0        tcp     0     9         21.5404            124.465
           0        tcp     0     9         22.5419            126.786
           0        tcp     0     9          23.543            143.199
           0        tcp     0     9          24.546            110.264
           0        tcp     0     9         25.5845            114.382
           0        tcp     0     9          26.594              133.9
           0        tcp     0     9         27.6301             83.013
           0        tcp     0     9         28.6515            128.329
           0        tcp     0     9         29.6646            141.505
           0        tcp     0     9         30.6668            114.443
           0        tcp     0     9         31.6786            133.582
           0        tcp     0     9         32.7031            143.936
           0        tcp     0     9         33.7095            97.6825
           0        tcp     0     9         34.7371            95.6572
           0        tcp     0     9         35.7455            146.235
           0        tcp     0     9          36.768            132.188
           0        tcp     0     9         37.8337            99.9326
           0        tcp     0     9         38.8419            85.3187
           0        tcp     0     9          39.862            84.3186
           0        tcp     0     9         40.8772            84.7258
           0        tcp     0     9         41.8813            142.784
           0        tcp     0     9         42.9091            103.613
           0        tcp     0     9          43.912             93.931
           0        tcp     0     9         44.9513            141.881
           0        tcp     0     9          45.969            84.5225
           0        tcp     0     9         46.9754            109.891
           0        tcp     0     9         47.9763            143.228
           0        tcp     0     9          48.978            81.7811
           0        tcp     0     9         49.9865              105.6
           0        tcp     0     9          51.014            139.516
           0        tcp     0     9         52.0302            133.021
           0        tcp     0     9         53.0554            139.833
           0        tcp     0     9         54.0638            97.4806
           0        tcp     0     9          55.068            130.528
           0        tcp     0     9         56.0785            117.548
           0        tcp     0     9         57.1626            109.571
           0        tcp     0     9         58.1884            127.782
           0        tcp     0     9         59.2473            112.177
           0        tcp     0     9         60.2751            135.489
           0        tcp     0     9         61.2932            140.814
           0        tcp     0     9         62.3295            94.8624
           0        tcp     0     9         63.3396            85.1569
           0        tcp     0     9         64.3641            135.931
           0        tcp     0     9         65.3765            137.555
           0        tcp     0     9         66.3834            134.243
           0        tcp     0     9         67.3914            89.3957
           0        tcp     0     9         68.4195            131.475
           0        tcp     0     9         69.4201            114.624
           0        tcp     0     9         70.4383            140.793
           0        tcp     0     9          71.448            117.639
           0        tcp     0     9         72.4774            119.372
           0        tcp     0     9         73.5051            87.6872
           0        tcp     0     9         74.5272            136.253
           0        tcp     0     9         75.5549            83.6951
           0        tcp     0     9         76.5606            89.6045
           0        tcp     0     9         77.5925            83.3533
           0        tcp     0     9         78.6133            132.415
           0        tcp     0     9         79.6163            98.0052
           0        tcp     0     9         80.6192              130.7
           0        tcp     0     9         81.6358            100.732
           0        tcp     0     9         82.6563            116.399
           0        tcp     0     9         83.6823            115.771
           0        tcp     0     9         84.7009            120.632
           0        tcp     0     9         85.7169            124.975
           0        tcp     0     9          86.738             148.42
           0        tcp     0     9         87.7388            110.505
           0        tcp     0     9         88.7678            83.5916
           0        tcp     0     9          89.768            139.236
           0        tcp     0     9           90.79             144.28
           0        tcp     0     9         91.8061            120.936
           0        tcp     0     9         92.8146            142.152
           0        tcp     0     9         93.8289            109.034
           0        tcp     0     9         94.8687            129.998
           0        tcp     0     9         95.9406            87.8887
           0        tcp     0     9         96.9571            124.915
           0        tcp     0     9          97.967            141.946
           0        tcp     0     9         98.9731            138.421
           0        tcp     0     9         99.9963            140.117



--- Hop Node Number:300ms ---
#       flow   flowType   src   dst            time         throughput

           0        tcp     0     9         3.75249            96.2548
           0        tcp     0     9         4.76537            141.538
           0        tcp     0     9         5.77757            141.631
           0        tcp     0     9         6.79726            80.3385
           0        tcp     0     9         7.83339            83.0166
           0        tcp     0     9         8.85656            84.0681
           0        tcp     0     9         9.87621            144.613
           0        tcp     0     9         10.8881            97.1493
           0        tcp     0     9         11.8895             143.16
           0        tcp     0     9         12.9083            140.719
           0        tcp     0     9         13.9126            97.8749
           0        tcp     0     9         14.9173            81.5437
           0        tcp     0     9         15.9391            124.261
           0        tcp     0     9         16.9909            128.512
           0        tcp     0     9         18.0023              121.5
           0        tcp     0     9         19.0687            122.904
           0        tcp     0     9         20.0895             92.291
           0        tcp     0     9         21.0925            85.7558
           0        tcp     0     9         22.1109            116.641
           0        tcp     0     9         23.1127            139.012
           0        tcp     0     9         24.1379            107.879
           0        tcp     0     9         25.1495            129.566
           0        tcp     0     9         26.1843            79.1656
           0        tcp     0     9         27.2145            87.4654
           0        tcp     0     9         28.2504            83.0417
           0        tcp     0     9         29.2533            118.433
           0        tcp     0     9         30.2843            143.024
           0        tcp     0     9         31.3226            118.348
           0        tcp     0     9          32.323            102.362
           0        tcp     0     9         33.3631            133.893
           0        tcp     0     9         34.3739            85.0938
           0        tcp     0     9         35.4059            83.3486
           0        tcp     0     9         36.4257            120.503
           0        tcp     0     9         37.4437            100.581
           0        tcp     0     9         38.4588            80.7087
           0        tcp     0     9         39.5065            82.0948
           0        tcp     0     9         40.5075            85.9291
           0        tcp     0     9         41.5222            145.321
           0        tcp     0     9         42.5239             122.68
           0        tcp     0     9         43.5396            145.174
           0        tcp     0     9         44.5658            111.757
           0        tcp     0     9         45.5851            84.3888
           0        tcp     0     9          46.591            89.5799
           0        tcp     0     9         47.6137            144.187
           0        tcp     0     9         48.6822            134.173
           0        tcp     0     9         49.6971            100.888
           0        tcp     0     9         50.7075            125.681
           0        tcp     0     9         51.7278            124.449
           0        tcp     0     9         52.7325            114.144
           0        tcp     0     9         53.7569            143.945
           0        tcp     0     9         54.7845            139.509
           0        tcp     0     9         55.7913            93.5768
           0        tcp     0     9         56.8061            137.225
           0        tcp     0     9         57.8158            121.703
           0        tcp     0     9         58.8424            79.7995
           0        tcp     0     9         59.8667            99.9716
           0        tcp     0     9         60.8918            139.848
           0        tcp     0     9         61.8974            138.483
           0        tcp     0     9         62.9587            108.062
           0        tcp     0     9         63.9724            84.8586
           0        tcp     0     9         64.9928             136.48
           0        tcp     0     9         66.0084            137.122
           0        tcp     0     9         67.0303            84.1737
           0        tcp     0     9         68.0558            143.779
           0        tcp     0     9         69.0766            92.2922
           0        tcp     0     9         70.0931            145.062
           0        tcp     0     9         71.1076            121.123
           0        tcp     0     9          72.108            139.209
           0        tcp     0     9         73.1607            85.6028
           0        tcp     0     9         74.2283            84.4043
           0        tcp     0     9         75.2473            140.689
           0        tcp     0     9         76.2489            102.237
           0        tcp     0     9          77.282            146.702
           0        tcp     0     9         78.3162            118.813
           0        tcp     0     9         79.3202            97.9111
           0        tcp     0     9         80.3388            124.658
           0        tcp     0     9         81.3564            88.5528
           0        tcp     0     9         82.3564            118.782
           0        tcp     0     9         83.3932            114.572
           0        tcp     0     9          84.414            144.441
           0        tcp     0     9         85.4278            88.8877
           0        tcp     0     9          86.447            116.549
           0        tcp     0     9         87.4903            105.998
           0        tcp     0     9         88.4983            109.716
           0        tcp     0     9         89.5198            108.268
           0        tcp     0     9           90.52            126.948
           0        tcp     0     9          91.527            142.357
           0        tcp     0     9         92.5465            96.4281
           0        tcp     0     9         93.5618            125.066
           0        tcp     0     9         94.5662            142.726
           0        tcp     0     9         95.5922            119.768
           0        tcp     0     9         96.6188            87.7757
           0        tcp     0     9         97.6436            79.9354
           0        tcp     0     9          98.675             123.11
           0        tcp     0     9         99.6911            141.092



--- Hop Node Number:400ms ---
#       flow   flowType   src   dst            time         throughput

           0        tcp     0     9         4.32081            96.2548
           0        tcp     0     9         5.34732            143.648
           0        tcp     0     9         6.37199            87.9432
           0        tcp     0     9         7.39466            144.187
           0        tcp     0     9         8.40951            133.189
           0        tcp     0     9         9.43066            92.2571
           0        tcp     0     9         10.4442            145.491
           0        tcp     0     9         11.5037            85.0465
           0        tcp     0     9          12.533            135.309
           0        tcp     0     9         13.5457            117.287
           0        tcp     0     9         14.5767            107.269
           0        tcp     0     9         15.6067             83.514
           0        tcp     0     9         16.6287            76.1484
           0        tcp     0     9         17.6865            85.1817
           0        tcp     0     9         18.6928            77.3412
           0        tcp     0     9         19.7655            68.7316
           0        tcp     0     9         20.7854            124.501
           0        tcp     0     9         21.7965             109.37
           0        tcp     0     9         22.8168            128.464
           0        tcp     0     9         23.8231            109.902
           0        tcp     0     9         24.8387            129.065
           0        tcp     0     9         25.8627            115.991
           0        tcp     0     9         26.8681            146.663
           0        tcp     0     9         27.8967            91.5947
           0        tcp     0     9         28.9221            103.858
           0        tcp     0     9         29.9337            129.566
           0        tcp     0     9         30.9691            83.0723
           0        tcp     0     9         31.9854            80.6089
           0        tcp     0     9         33.0057            120.438
           0        tcp     0     9         34.0182            109.222
           0        tcp     0     9         35.0209            93.9531
           0        tcp     0     9         36.0464            135.808
           0        tcp     0     9         37.0947            85.9575
           0        tcp     0     9         38.1114            84.6062
           0        tcp     0     9         39.1126            135.003
           0        tcp     0     9         40.1346            132.265
           0        tcp     0     9         41.1489            137.296
           0        tcp     0     9          42.181            111.121
           0        tcp     0     9         43.2035            128.183
           0        tcp     0     9         44.2326            115.431
           0        tcp     0     9         45.2593            83.7788
           0        tcp     0     9         46.2873            123.512
           0        tcp     0     9         47.3491            119.592
           0        tcp     0     9         48.3803            119.155
           0        tcp     0     9         49.4061             143.75
           0        tcp     0     9         50.4279            140.307
           0        tcp     0     9         51.4308              102.1
           0        tcp     0     9         52.4436              137.5
           0        tcp     0     9         53.4539             105.42
           0        tcp     0     9         54.4977            113.798
           0        tcp     0     9         55.5289            87.3831
           0        tcp     0     9         56.5571            143.406
           0        tcp     0     9         57.5574            143.317
           0        tcp     0     9         58.5599            143.009
           0        tcp     0     9          59.576            100.773
           0        tcp     0     9         60.6154            141.878
           0        tcp     0     9         61.6377            84.1347
           0        tcp     0     9         62.6468            81.1863
           0        tcp     0     9         63.6654            116.615
           0        tcp     0     9         64.6795            96.9333
           0        tcp     0     9         65.7507            84.1208
           0        tcp     0     9         66.7688            84.4913
           0        tcp     0     9         67.7838              137.2
           0        tcp     0     9          68.806            88.1535
           0        tcp     0     9         69.8096            122.445
           0        tcp     0     9         70.8255            141.107
           0        tcp     0     9         71.8456            140.535
           0        tcp     0     9         72.8601            84.7875
           0        tcp     0     9         73.8679            138.192
           0        tcp     0     9         74.8856            92.5644
           0        tcp     0     9         75.9081            144.211
           0        tcp     0     9         76.9368            143.349
           0        tcp     0     9         77.9399            138.835
           0        tcp     0     9          78.955            80.6966
           0        tcp     0     9         79.9762            144.403
           0        tcp     0     9         80.9844            142.196
           0        tcp     0     9         82.0201            118.645
           0        tcp     0     9         83.0439            116.023
           0        tcp     0     9         84.0455            114.502
           0        tcp     0     9         85.0495            118.307
           0        tcp     0     9         86.0629            117.212
           0        tcp     0     9         87.0808            84.5084
           0        tcp     0     9         88.1061            135.827
           0        tcp     0     9          89.123             108.75
           0        tcp     0     9         90.1412            124.709
           0        tcp     0     9         91.1929            112.945
           0        tcp     0     9         92.1978            81.5209
           0        tcp     0     9         93.2205            80.1028
           0        tcp     0     9         94.2269              122.1
           0        tcp     0     9         95.2281            126.814
           0        tcp     0     9         96.2374            105.522
           0        tcp     0     9           97.26            132.172
           0        tcp     0     9         98.2763            124.945
           0        tcp     0     9         99.2981            116.254



--- Hop Node Number:500ms ---
#       flow   flowType   src   dst            time         throughput

           0        tcp     0     9         4.88184            76.7494
           0        tcp     0     9         5.89326            137.692
           0        tcp     0     9         6.94511            89.5638
           0        tcp     0     9         7.97035            127.846
           0        tcp     0     9         8.97785            117.899
           0        tcp     0     9         9.98769            89.2344
           0        tcp     0     9         11.0015            80.8034
           0        tcp     0     9         12.0087              109.8
           0        tcp     0     9         13.0276            116.583
           0        tcp     0     9         14.1032            79.9731
           0        tcp     0     9         15.1067            81.6319
           0        tcp     0     9          16.136            79.5898
           0        tcp     0     9         17.1412            77.4223
           0        tcp     0     9         18.1697            123.452
           0        tcp     0     9         19.1897            108.428
           0        tcp     0     9         20.2096            92.3695
           0        tcp     0     9         21.2533            141.271
           0        tcp     0     9         22.2642            113.453
           0        tcp     0     9         23.2999            87.0124
           0        tcp     0     9          24.313            84.8985
           0        tcp     0     9         25.3151            143.057
           0        tcp     0     9         26.3308            96.7903
           0        tcp     0     9         27.3342            142.864
           0        tcp     0     9         28.3609            143.626
           0        tcp     0     9         29.3684            138.227
           0        tcp     0     9         30.3991            143.064
           0        tcp     0     9         31.4052            85.4953
           0        tcp     0     9         32.4104            93.7228
           0        tcp     0     9         33.4269            141.031
           0        tcp     0     9         34.4284            130.872
           0        tcp     0     9         35.4431            104.959
           0        tcp     0     9         36.4446            143.144
           0        tcp     0     9         37.4541            85.2079
           0        tcp     0     9         38.4679            80.8018
           0        tcp     0     9          39.479             117.48
           0        tcp     0     9         40.4909            141.671
           0        tcp     0     9         41.5187            103.613
           0        tcp     0     9         42.5246            126.242
           0        tcp     0     9         43.5478              144.1
           0        tcp     0     9         44.5728            135.877
           0        tcp     0     9         45.6315            81.2417
           0        tcp     0     9         46.6497            140.803
           0        tcp     0     9         47.6609             85.067
           0        tcp     0     9         48.6811            80.2968
           0        tcp     0     9         49.7003            144.675
           0        tcp     0     9         50.7163            145.136
           0        tcp     0     9         51.7356            144.664
           0        tcp     0     9         52.7592            92.0331
           0        tcp     0     9         53.7845            131.838
           0        tcp     0     9         54.8043            128.524
           0        tcp     0     9         55.8267            136.215
           0        tcp     0     9          56.839            89.0179
           0        tcp     0     9         57.8512            141.629
           0        tcp     0     9          58.873            144.314
           0        tcp     0     9         59.8933            124.452
           0        tcp     0     9         60.8981            93.7554
           0        tcp     0     9         61.9126            88.8215
           0        tcp     0     9         62.9384            103.819
           0        tcp     0     9         63.9581            136.576
           0        tcp     0     9          64.968            121.679
           0        tcp     0     9         65.9927            135.896
           0        tcp     0     9         67.0005            126.003
           0        tcp     0     9         68.0104            146.009
           0        tcp     0     9         69.0485            86.8066
           0        tcp     0     9         70.0666            144.829
           0        tcp     0     9         71.0825            104.825
           0        tcp     0     9         72.1133            127.162
           0        tcp     0     9         73.1294            104.803
           0        tcp     0     9         74.1385            113.656
           0        tcp     0     9         75.1578            144.667
           0        tcp     0     9         76.1685            109.417
           0        tcp     0     9         77.1959            139.537
           0        tcp     0     9         78.2071            101.271
           0        tcp     0     9         79.2152            113.769
           0        tcp     0     9         80.2412            115.774
           0        tcp     0     9         81.2682            111.672
           0        tcp     0     9         82.2977            115.379
           0        tcp     0     9         83.3028            114.105
           0        tcp     0     9         84.3085            105.892
           0        tcp     0     9         85.3491            129.897
           0        tcp     0     9         86.3595            117.552
           0        tcp     0     9         87.3617            114.442
           0        tcp     0     9         88.3634            126.759
           0        tcp     0     9         89.4055             94.328
           0        tcp     0     9         90.4321            83.7926
           0        tcp     0     9         91.4717            78.7963
           0        tcp     0     9         92.5038            126.998
           0        tcp     0     9          93.508            138.683
           0        tcp     0     9         94.5485            125.975
           0        tcp     0     9         95.5546            113.988
           0        tcp     0     9          96.577            128.202
           0        tcp     0     9         97.6019            131.882
           0        tcp     0     9         98.6061            138.684
           0        tcp     0     9          99.631            135.875



--- Hop Node Number:600ms ---
#       flow   flowType   src   dst            time         throughput

           0        tcp     0     9         5.45014            76.7509
           0        tcp     0     9         6.46156            137.692
           0        tcp     0     9         7.47537            129.286
           0        tcp     0     9         8.49372              108.6
           0        tcp     0     9         9.51848            139.895
           0        tcp     0     9         10.5267            109.691
           0        tcp     0     9         11.5535            139.622
           0        tcp     0     9         12.5907            106.619
           0        tcp     0     9         13.6335            82.4912
           0        tcp     0     9         14.6367            118.399
           0        tcp     0     9         15.6809             141.22
           0        tcp     0     9         16.6853            81.5565
           0        tcp     0     9         17.7024            84.5743
           0        tcp     0     9          18.708            81.4628
           0        tcp     0     9         19.7291            96.2667
           0        tcp     0     9         20.7937            123.122
           0        tcp     0     9          21.846            85.6312
           0        tcp     0     9         22.8691             124.11
           0        tcp     0     9         23.8731             97.912
           0        tcp     0     9         24.8791            105.868
           0        tcp     0     9          25.881            138.993
           0        tcp     0     9          26.901            144.569
           0        tcp     0     9         27.9145            80.8301
           0        tcp     0     9         28.9239            77.0995
           0        tcp     0     9         29.9308              138.3
           0        tcp     0     9         30.9384            142.282
           0        tcp     0     9         31.9411            138.893
           0        tcp     0     9         32.9575            104.772
           0        tcp     0     9         33.9784            144.448
           0        tcp     0     9         35.0335            120.338
           0        tcp     0     9         36.0615            87.6613
           0        tcp     0     9         37.0668            122.232
           0        tcp     0     9         38.0688            110.369
           0        tcp     0     9         39.0825            88.8905
           0        tcp     0     9         40.1085            127.756
           0        tcp     0     9         41.1241            96.7933
           0        tcp     0     9         42.1503            83.8173
           0        tcp     0     9         43.1709            112.374
           0        tcp     0     9         44.1824            149.837
           0        tcp     0     9         45.1942            93.1086
           0        tcp     0     9         46.1997            142.571
           0        tcp     0     9         47.2119              121.4
           0        tcp     0     9         48.2544            117.871
           0        tcp     0     9         49.2719            124.791
           0        tcp     0     9         50.2871            137.181
           0        tcp     0     9          51.321            126.777
           0        tcp     0     9          52.334            121.294
           0        tcp     0     9         53.3568            140.171
           0        tcp     0     9         54.3588             106.28
           0        tcp     0     9         55.3627            81.5995
           0        tcp     0     9         56.3831            128.459
           0        tcp     0     9         57.3925            89.2694
           0        tcp     0     9         58.3992            134.274
           0        tcp     0     9         59.4219            140.176
           0        tcp     0     9         60.4411            100.466
           0        tcp     0     9         61.4517            121.592
           0        tcp     0     9         62.4773            83.8708
           0        tcp     0     9         63.4961            120.619
           0        tcp     0     9         64.5204            119.959
           0        tcp     0     9         65.5624            82.5461
           0        tcp     0     9         66.5679            77.4049
           0        tcp     0     9         67.5822            141.337
           0        tcp     0     9          68.587            101.912
           0        tcp     0     9         69.5999            117.268
           0        tcp     0     9          70.611            81.0171
           0        tcp     0     9         71.6249            84.8417
           0        tcp     0     9          72.648            136.118
           0        tcp     0     9         73.6906            102.142
           0        tcp     0     9         74.6995            125.853
           0        tcp     0     9         75.7089            105.506
           0        tcp     0     9         76.7213            113.281
           0        tcp     0     9         77.7235            143.051
           0        tcp     0     9         78.7374            113.118
           0        tcp     0     9         79.7538            145.073
           0        tcp     0     9         80.7757            116.242
           0        tcp     0     9         81.7787            114.345
           0        tcp     0     9          82.797            80.4429
           0        tcp     0     9         83.8267            79.5597
           0        tcp     0     9         84.8631            82.9927
           0        tcp     0     9         85.8689            114.034
           0        tcp     0     9         86.9186            124.866
           0        tcp     0     9         87.9554            86.9118
           0        tcp     0     9         88.9758            96.3346
           0        tcp     0     9         89.9916            129.039
           0        tcp     0     9         91.0174            83.8532
           0        tcp     0     9         92.0355            88.5084
           0        tcp     0     9         93.0532            140.867
           0        tcp     0     9         94.0599            97.6461
           0        tcp     0     9           95.06            98.2957
           0        tcp     0     9         96.0742            141.362
           0        tcp     0     9         97.0998            139.771
           0        tcp     0     9           98.12            116.433
           0        tcp     0     9         99.1496            111.394



--- Hop Node Number:700ms ---
#       flow   flowType   src   dst            time         throughput

           0        tcp     0     9         6.01846            76.7509
           0        tcp     0     9         7.02988            137.692
           0        tcp     0     9          8.0425            113.258
           0        tcp     0     9         9.09264            140.415
           0        tcp     0     9         10.0962            110.198
           0        tcp     0     9         11.1234            127.603
           0        tcp     0     9         12.1253            85.8508
           0        tcp     0     9         13.1309            134.418
           0        tcp     0     9         14.1567             107.81
           0        tcp     0     9         15.1719            117.011
           0        tcp     0     9         16.2392            134.314
           0        tcp     0     9         17.2562            120.825
           0        tcp     0     9         18.2823            103.795
           0        tcp     0     9         19.2927            85.1308
           0        tcp     0     9         20.2997            134.223
           0        tcp     0     9         21.3201             100.35
           0        tcp     0     9         22.3421            92.1805
           0        tcp     0     9         23.3736             142.96
           0        tcp     0     9         24.4366            84.7704
           0        tcp     0     9         25.4452             109.65
           0        tcp     0     9         26.4599             137.24
           0        tcp     0     9         27.5098            113.141
           0        tcp     0     9          28.518            85.3145
           0        tcp     0     9         29.5484            139.129
           0        tcp     0     9         30.5633            137.218
           0        tcp     0     9         31.5782            88.7913
           0        tcp     0     9         32.5836            130.366
           0        tcp     0     9         33.6214            90.7793
           0        tcp     0     9          34.632            81.0579
           0        tcp     0     9         35.6374             85.559
           0        tcp     0     9         36.6473            93.2858
           0        tcp     0     9         37.6558              125.9
           0        tcp     0     9         38.6816            127.782
           0        tcp     0     9         39.6822            135.078
           0        tcp     0     9         40.6858            85.7134
           0        tcp     0     9         41.7329            78.2284
           0        tcp     0     9         42.7579            79.9251
           0        tcp     0     9         43.7744             80.588
           0        tcp     0     9         44.7883            100.996
           0        tcp     0     9         45.7927            134.586
           0        tcp     0     9         46.8279            130.572
           0        tcp     0     9           47.83             126.71
           0        tcp     0     9         48.8426            141.571
           0        tcp     0     9         49.8598            120.807
           0        tcp     0     9         50.8729            92.9851
           0        tcp     0     9          51.898            143.841
           0        tcp     0     9         52.8985            143.288
           0        tcp     0     9         53.9499            93.4977
           0        tcp     0     9         54.9787            107.503
           0        tcp     0     9         55.9884            137.924
           0        tcp     0     9         57.0074            112.545
           0        tcp     0     9         58.0125            85.5817
           0        tcp     0     9         59.0917            75.9125
           0        tcp     0     9         60.1235              83.36
           0        tcp     0     9         61.1465            112.116
           0        tcp     0     9         62.2064            112.071
           0        tcp     0     9         63.2591            81.7067
           0        tcp     0     9         64.2775            136.741
           0        tcp     0     9         65.3438            88.3504
           0        tcp     0     9         66.3631            132.614
           0        tcp     0     9         67.4027            94.5589
           0        tcp     0     9         68.4124             137.92
           0        tcp     0     9         69.4228            145.951
           0        tcp     0     9         70.4307            93.4663
           0        tcp     0     9         71.4318            135.015
           0        tcp     0     9         72.4432            121.499
           0        tcp     0     9         73.4501            138.307
           0        tcp     0     9         74.4702            104.398
           0        tcp     0     9         75.4718            81.7886
           0        tcp     0     9         76.5125            82.6488
           0        tcp     0     9         77.5224            125.736
           0        tcp     0     9         78.5446            128.233
           0        tcp     0     9         79.5714            123.656
           0        tcp     0     9         80.5924             140.41
           0        tcp     0     9         81.6164            107.996
           0        tcp     0     9         82.6185             122.63
           0        tcp     0     9         83.6571            141.975
           0        tcp     0     9         84.6711            92.9053
           0        tcp     0     9         85.6796            142.155
           0        tcp     0     9         86.7062            139.638
           0        tcp     0     9         87.7251            84.4266
           0        tcp     0     9         88.7411            124.974
           0        tcp     0     9         89.7642            144.125
           0        tcp     0     9          90.784            116.479
           0        tcp     0     9         91.7936            109.542
           0        tcp     0     9         92.8018            117.813
           0        tcp     0     9         93.8042            81.7274
           0        tcp     0     9         94.8493            129.329
           0        tcp     0     9         95.8598            85.1251
           0        tcp     0     9         96.8631            142.884
           0        tcp     0     9         97.8999            138.269
           0        tcp     0     9         98.9332            83.2439
           0        tcp     0     9         99.9512            88.5225



--- Hop Node Number:800ms ---
#       flow   flowType   src   dst            time         throughput

           0        tcp     0     9         6.58678            76.7509
           0        tcp     0     9         7.59425            134.166
           0        tcp     0     9         8.60017            105.869
           0        tcp     0     9         9.63257            119.024
           0        tcp     0     9         10.6556            96.0875
           0        tcp     0     9         11.6905             130.61
           0        tcp     0     9         12.7228            79.3633
           0        tcp     0     9         13.7265            126.497
           0        tcp     0     9          14.737            137.826
           0        tcp     0     9         15.7998            84.7843
           0        tcp     0     9         16.8059            101.778
           0        tcp     0     9         17.8482            121.822
           0        tcp     0     9         18.8544            89.5554
           0        tcp     0     9         19.8841            131.273
           0        tcp     0     9         20.8934            121.756
           0        tcp     0     9         21.9087            100.851
           0        tcp     0     9         22.9128            126.456
           0        tcp     0     9         23.9452            95.2254
           0        tcp     0     9         24.9471            102.203
           0        tcp     0     9          25.973            127.759
           0        tcp     0     9         26.9876            88.8167
           0        tcp     0     9          28.019            79.4282
           0        tcp     0     9         29.0305            125.534
           0        tcp     0     9         30.0333             114.36
           0        tcp     0     9         31.0472             145.44
           0        tcp     0     9         32.0785            111.202
           0        tcp     0     9         33.0912            117.296
           0        tcp     0     9         34.1089            96.5923
           0        tcp     0     9         35.1361            127.601
           0        tcp     0     9          36.144            97.5345
           0        tcp     0     9         37.1602            84.6452
           0        tcp     0     9          38.225            134.641
           0        tcp     0     9         39.2431            108.622
           0        tcp     0     9         40.2509             142.25
           0        tcp     0     9         41.2552            142.743
           0        tcp     0     9         42.2863            103.287
           0        tcp     0     9         43.2964            117.603
           0        tcp     0     9         44.2975            98.1908
           0        tcp     0     9         45.3221            107.933
           0        tcp     0     9         46.3476            139.807
           0        tcp     0     9         47.3561             142.15
           0        tcp     0     9         48.3568            94.1407
           0        tcp     0     9         49.3665            101.409
           0        tcp     0     9         50.3672            135.086
           0        tcp     0     9         51.3951            111.572
           0        tcp     0     9         52.4051            125.712
           0        tcp     0     9         53.4151            141.942
           0        tcp     0     9         54.4306            84.7029
           0        tcp     0     9         55.4543            144.041
           0        tcp     0     9         56.4553            135.035
           0        tcp     0     9         57.4571            106.312
           0        tcp     0     9           58.48            88.0867
           0        tcp     0     9         59.4968            128.918
           0        tcp     0     9         60.5342            82.9103
           0        tcp     0     9         61.5603            131.727
           0        tcp     0     9         62.6052            94.0823
           0        tcp     0     9         63.6137            134.034
           0        tcp     0     9         64.6486            91.0328
           0        tcp     0     9         65.6816             107.05
           0        tcp     0     9         66.6939            113.294
           0        tcp     0     9         67.7061            76.8878
           0        tcp     0     9         68.7337            127.551
           0        tcp     0     9         69.7476            105.042
           0        tcp     0     9          70.755            130.109
           0        tcp     0     9         71.7615            113.942
           0        tcp     0     9         72.7677            122.125
           0        tcp     0     9         73.7737            97.7215
           0        tcp     0     9         74.7771            81.6389
           0        tcp     0     9          75.779            134.908
           0        tcp     0     9         76.7841            101.887
           0        tcp     0     9         77.7923            138.122
           0        tcp     0     9         78.8142            112.237
           0        tcp     0     9         79.8166            147.101
           0        tcp     0     9         80.8637                133
           0        tcp     0     9         81.8688            118.172
           0        tcp     0     9         82.8917            116.125
           0        tcp     0     9         83.9059            84.8124
           0        tcp     0     9         84.9502            78.4458
           0        tcp     0     9         85.9703            80.3089
           0        tcp     0     9         86.9719            118.592
           0        tcp     0     9         88.0007            111.476
           0        tcp     0     9         89.0457            78.3974
           0        tcp     0     9         90.0536            81.2726
           0        tcp     0     9         91.0598            138.412
           0        tcp     0     9         92.0948            138.513
           0        tcp     0     9         93.0995            97.8384
           0        tcp     0     9         94.1076            81.2661
           0        tcp     0     9         95.1115             73.438
           0        tcp     0     9         96.1351            76.0287
           0        tcp     0     9         97.1481            105.137
           0        tcp     0     9         98.1935            125.378
           0        tcp     0     9         99.2066            88.9467



--- Hop Node Number:900ms ---
#       flow   flowType   src   dst            time         throughput

           0        tcp     0     9         7.15509            76.7509
           0        tcp     0     9         8.17583            132.422
           0        tcp     0     9         9.17834            118.487
           0        tcp     0     9         10.1991            96.3009
           0        tcp     0     9         11.2244            127.838
           0        tcp     0     9          12.243            120.641
           0        tcp     0     9         13.2436            110.528
           0        tcp     0     9          14.262            120.655
           0        tcp     0     9         15.2643            98.0769
           0        tcp     0     9         16.2859            84.2033
           0        tcp     0     9         17.3097            80.0109
           0        tcp     0     9         18.3429            75.3259
           0        tcp     0     9         19.3473            138.648
           0        tcp     0     9         20.3649            104.654
           0        tcp     0     9         21.3844            92.4063
           0        tcp     0     9         22.4132            131.385
           0        tcp     0     9         23.4299             112.81
           0        tcp     0     9         24.4529             120.11
           0        tcp     0     9         25.4862            87.2103
           0        tcp     0     9         26.4936            97.5796
           0        tcp     0     9         27.5199             127.71
           0        tcp     0     9         28.5743            81.5843
           0        tcp     0     9         29.6118            82.9079
           0        tcp     0     9         30.6166            134.521
           0        tcp     0     9         31.6518            146.387
           0        tcp     0     9         32.6611            133.927
           0        tcp     0     9         33.7116            89.6776
           0        tcp     0     9         34.7364            99.9287
           0        tcp     0     9         35.7512            121.078
           0        tcp     0     9         36.7593            105.644
           0        tcp     0     9         37.7721            121.324
           0        tcp     0     9         38.7832            85.0769
           0        tcp     0     9         39.7964            80.8483
           0        tcp     0     9         40.8514            77.6483
           0        tcp     0     9         41.8563            118.209
           0        tcp     0     9         42.8584            134.889
           0        tcp     0     9         43.9204            111.849
           0        tcp     0     9         44.9526            87.3029
           0        tcp     0     9         45.9591            109.875
           0        tcp     0     9         46.9709            137.632
           0        tcp     0     9         47.9888            140.849
           0        tcp     0     9         49.0074            104.547
           0        tcp     0     9         50.0202            121.326
           0        tcp     0     9         51.0384            116.662
           0        tcp     0     9         52.0631            103.927
           0        tcp     0     9         53.0839            88.2806
           0        tcp     0     9         54.1156            138.955
           0        tcp     0     9         55.1221            85.4638
           0        tcp     0     9         56.1344            121.385
           0        tcp     0     9         57.1988            103.902
           0        tcp     0     9         58.2072             81.234
           0        tcp     0     9         59.2268            80.3423
           0        tcp     0     9         60.2675             82.658
           0        tcp     0     9         61.3197            81.7465
           0        tcp     0     9         62.3415            144.304
           0        tcp     0     9         63.3501            138.086
           0        tcp     0     9         64.3709            92.2834
           0        tcp     0     9         65.3991             135.45
           0        tcp     0     9         66.4118            101.117
           0        tcp     0     9         67.4502            130.167
           0        tcp     0     9         68.4581            89.4078
           0        tcp     0     9         69.4907            79.3344
           0        tcp     0     9         70.5031            129.461
           0        tcp     0     9         71.5215            136.749
           0        tcp     0     9         72.5361            141.297
           0        tcp     0     9          73.549            125.365
           0        tcp     0     9          74.565            120.938
           0        tcp     0     9          75.618            81.6905
           0        tcp     0     9         76.6287            85.0984
           0        tcp     0     9         77.6296            102.311
           0        tcp     0     9         78.6314            147.186
           0        tcp     0     9         79.6421            137.791
           0        tcp     0     9         80.6546            137.547
           0        tcp     0     9         81.7215            134.368
           0        tcp     0     9         82.7251            97.9544
           0        tcp     0     9         83.7525            123.591
           0        tcp     0     9         84.7664            84.8329
           0        tcp     0     9         85.7828            145.077
           0        tcp     0     9         86.8082            103.865
           0        tcp     0     9          87.831            132.152
           0        tcp     0     9         88.8365            89.6222
           0        tcp     0     9         89.8551            132.689
           0        tcp     0     9         90.8706            88.7432
           0        tcp     0     9         91.9013            143.055
           0        tcp     0     9         92.9141            137.506
           0        tcp     0     9         93.9345            96.3444
           0        tcp     0     9         94.9621            123.566
           0        tcp     0     9         95.9886            99.7475
           0        tcp     0     9         97.0358            125.173
           0        tcp     0     9         98.0601            119.959
           0        tcp     0     9         99.0878            103.627



--- Hop Node Number:1000ms ---
#       flow   flowType   src   dst            time         throughput

           0        tcp     0     9         7.72341            76.7509
           0        tcp     0     9          8.7425            136.656
           0        tcp     0     9         9.76416            104.238
           0        tcp     0     9         10.8244            115.894
           0        tcp     0     9         11.8357            125.565
           0        tcp     0     9         12.8793            113.819
           0        tcp     0     9         13.9031            88.0215
           0        tcp     0     9         14.9169            141.399
           0        tcp     0     9         15.9303            137.432
           0        tcp     0     9         16.9329            138.894
           0        tcp     0     9           17.98            105.617
           0        tcp     0     9         18.9853            101.858
           0        tcp     0     9         20.0327            125.141
           0        tcp     0     9         21.0449            84.9846
           0        tcp     0     9         22.0646            128.542
           0        tcp     0     9         23.0906            91.8195
           0        tcp     0     9           24.12            127.328
           0        tcp     0     9         25.1585            74.9373
           0        tcp     0     9         26.1828            87.9696
           0        tcp     0     9         27.2085            143.774
           0        tcp     0     9         28.2298            140.369
           0        tcp     0     9         29.2726            106.046
           0        tcp     0     9         30.2758             77.576
           0        tcp     0     9         31.3229            82.1457
           0        tcp     0     9         32.3608            78.9357
           0        tcp     0     9         33.3825            80.1731
           0        tcp     0     9          34.396            105.077
           0        tcp     0     9          35.453            127.881
           0        tcp     0     9         36.4548            85.8654
           0        tcp     0     9         37.4582            81.6371
           0        tcp     0     9         38.4741            76.6076
           0        tcp     0     9         39.4861            137.612
           0        tcp     0     9         40.4909            138.605
           0        tcp     0     9         41.5036            129.426
           0        tcp     0     9         42.5158            129.488
           0        tcp     0     9         43.5238            81.2695
           0        tcp     0     9         44.5317            142.238
           0        tcp     0     9         45.5393            113.828
           0        tcp     0     9         46.5476            138.116
           0        tcp     0     9         47.5877            126.014
           0        tcp     0     9         48.6235              83.05
           0        tcp     0     9         49.6733            78.0311
           0        tcp     0     9         50.6799            118.001
           0        tcp     0     9         51.6892            142.048
           0        tcp     0     9         52.7053             108.84
           0        tcp     0     9         53.7239            120.631
           0        tcp     0     9         54.7332            81.1649
           0        tcp     0     9         55.7647            138.983
           0        tcp     0     9         56.7866            92.1919
           0        tcp     0     9         57.8034            140.982
           0        tcp     0     9         58.8229            116.516
           0        tcp     0     9         59.8329            137.884
           0        tcp     0     9         60.8462            137.438
           0        tcp     0     9          61.862             133.07
           0        tcp     0     9         62.8683            85.4749
           0        tcp     0     9         63.9085            86.6279
           0        tcp     0     9          64.935            139.657
           0        tcp     0     9         65.9516             120.87
           0        tcp     0     9         66.9738            84.1557
           0        tcp     0     9         67.9822            113.726
           0        tcp     0     9         68.9884            118.051
           0        tcp     0     9         69.9891            118.698
           0        tcp     0     9         71.0076             96.519
           0        tcp     0     9         72.0185            145.873
           0        tcp     0     9         73.0227            138.684
           0        tcp     0     9         74.0514            91.5736
           0        tcp     0     9         75.0977            82.2171
           0        tcp     0     9         76.1189             84.228
           0        tcp     0     9         77.1326            80.8102
           0        tcp     0     9         78.1508            136.777
           0        tcp     0     9         79.1602            137.972
           0        tcp     0     9         80.1767             96.701
           0        tcp     0     9          81.187            85.1389
           0        tcp     0     9         82.1878            139.154
           0        tcp     0     9         83.2073            140.621
           0        tcp     0     9         84.2284            100.281
           0        tcp     0     9         85.2566            83.6616
           0        tcp     0     9          86.257            85.9838
           0        tcp     0     9         87.2571            139.244
           0        tcp     0     9         88.2828            127.787
           0        tcp     0     9          89.302             112.53
           0        tcp     0     9         90.3026            102.334
           0        tcp     0     9         91.3387            134.415
           0        tcp     0     9         92.3659            123.611
           0        tcp     0     9           93.39            123.992
           0        tcp     0     9         94.3954            81.4768
           0        tcp     0     9         95.3958            118.744
           0        tcp     0     9         96.4117            141.107
           0        tcp     0     9         97.4284             116.84
           0        tcp     0     9         98.4297            134.984
           0        tcp     0     9         99.5016            87.8906


