2016年 06月 01日 星期三 21:01:56 CST
--- Simulation sequence:1 ---
#node_id rate rate_without_head
       0 321.371 262.481
       1 389.776 319.813
       2 460.524 320.342
       3 0.172193 0
       4 69.956 0


--- Simulation sequence:2 ---
#node_id rate rate_without_head
       0 99.8548 81.9297
       1 102.148 83.8115
       2 236.635 165.731
       3 236.635 165.731
       4 17.129 0
       5 17.5224 0


--- Simulation sequence:3 ---
#node_id rate rate_without_head
       0 82.95 68.059
       1 114.563 93.9983
       2 229.336 159.576
       3 229.321 159.561
       4 229.318 159.561
       5 14.8751 0
       6 20.5497 0


--- Simulation sequence:4 ---
#node_id rate rate_without_head
       0 91.4513 75.0345
       1 80.9929 66.4532
       2 202.497 140.955
       3 202.491 140.949
       4 202.482 140.94
       5 202.563 140.926
       6 16.4175 0
       7 14.5267 0


--- Simulation sequence:5 ---
#node_id rate rate_without_head
       0 83.6222 68.6107
       1 77.6225 63.6878
       2 189.883 132.195
       3 189.875 132.187
       4 189.877 132.186
       5 189.968 132.185
       6 189.982 132.18
       7 14.9792 0
       8 13.9262 0


--- Simulation sequence:6 ---
#node_id rate rate_without_head
       0 157.024 128.838
       1 -0 -0
       2 184.978 128.726
       3 184.956 128.707
       4 184.944 128.698
       5 184.98 128.692
       6 184.99 128.691
       7 184.994 128.693
       8 28.1496 0
       9 -0 -0


--- Simulation sequence:7 ---
#node_id rate rate_without_head
       0 153.689 126.101
       1 -0 -0
       2 181.154 126.072
       3 181.119 126.044
       4 181.113 126.038
       5 181.128 126.023
       6 181.139 126.022
       7 181.141 126.021
       8 181.144 126.02
       9 27.5683 0
      10 -0 -0


--- Simulation sequence:8 ---
#node_id rate rate_without_head
       0 100.316 82.3082
       1 72.9609 59.8616
       2 174.628 121.593
       3 174.553 121.53
       4 174.49 121.476
       5 174.518 121.458
       6 174.556 121.474
       7 174.518 121.437
       8 174.526 121.432
       9 174.556 121.445
      10 17.9363 0
      11 13.0385 0


--- Simulation sequence:9 ---
#node_id rate rate_without_head
       0 146.283 120.024
       1 -0 -0
       2 172.131 119.831
       3 172.072 119.782
       4 172.03 119.746
       5 172.021 119.713
       6 172.013 119.699
       7 171.992 119.671
       8 172.016 119.682
       9 172.027 119.677
      10 172.04 119.68
      11 26.1833 0
      12 -0 -0


--- Simulation sequence:10 ---
#node_id rate rate_without_head
       0 76.8201 63.0294
       1 67.1971 55.1336
       2 168.5 117.355
       3 168.302 117.195
       4 168.287 117.182
       5 168.285 117.143
       6 168.2 117.065
       7 168.192 117.057
       8 168.199 117.046
       9 168.241 117.063
      10 168.236 117.044
      11 168.243 117.047
      12 13.7044 0
      13 11.9812 0


--- Simulation sequence:11 ---
#node_id rate rate_without_head
       0 68.7719 56.4258
       1 73.1505 60.0185
       2 166.45 115.989
       3 166.362 115.92
       4 166.237 115.816
       5 166.167 115.732
       6 166.16 115.704
       7 166.112 115.662
       8 166.121 115.644
       9 166.15 115.645
      10 166.195 115.641
      11 166.213 115.637
      12 166.231 115.639
      13 12.2823 0
      14 13.0133 0


--- Simulation sequence:12 ---
#node_id rate rate_without_head
       0 71.7708 58.8839
       1 70.9481 58.2114
       2 165.682 115.416
       3 165.498 115.264
       4 165.407 115.189
       5 165.239 115.026
       6 165.189 114.981
       7 165.16 114.952
       8 165.134 114.926
       9 165.143 114.917
      10 165.141 114.905
      11 165.162 114.904
      12 165.171 114.901
      13 165.175 114.9
      14 12.7766 0
      15 12.6259 0


--- Simulation sequence:13 ---
#node_id rate rate_without_head
       0 76.1979 62.5189
       1 63.9022 52.4301
       2 164.414 114.563
       3 164.283 114.455
       4 164.198 114.383
       5 164.069 114.248
       6 164.001 114.183
       7 163.969 114.155
       8 163.925 114.112
       9 163.939 114.107
      10 163.974 114.104
      11 163.98 114.09
      12 164 114.089
      13 164.002 114.088
      14 164.013 114.092
      15 13.5941 0
      16 11.3759 0


--- Simulation sequence:14 ---
#node_id rate rate_without_head
       0 139.114 114.142
       1 -0 -0
       2 163.64 114.017
       3 163.568 113.957
       4 163.49 113.891
       5 163.397 113.793
       6 163.343 113.743
       7 163.275 113.683
       8 163.199 113.618
       9 163.199 113.606
      10 163.214 113.607
      11 163.233 113.606
      12 163.252 113.605
      13 163.278 113.602
      14 163.295 113.603
      15 163.308 113.605
      16 24.8545 0
      17 -0 -0


--- Simulation sequence:15 ---
#node_id rate rate_without_head
       0 69.7463 57.2252
       1 71.6628 58.7951
       2 162.632 113.384
       3 162.534 113.303
       4 162.375 113.171
       5 162.157 112.971
       6 162.062 112.887
       7 161.978 112.812
       8 161.948 112.781
       9 161.952 112.765
      10 161.941 112.734
      11 161.952 112.717
      12 161.99 112.714
      13 161.989 112.699
      14 162.002 112.691
      15 162.007 112.692
      16 162.017 112.695
      17 12.4012 0
      18 12.7532 0


--- Simulation sequence:16 ---
#node_id rate rate_without_head
       0 71.0317 58.2773
       1 69.3009 56.8598
       2 161.602 112.675
       3 161.544 112.627
       4 161.38 112.492
       5 161.199 112.332
       6 161.142 112.282
       7 161.043 112.199
       8 161.008 112.162
       9 160.923 112.082
      10 160.93 112.066
      11 160.946 112.052
      12 160.97 112.042
      13 160.994 112.044
      14 161.005 112.027
      15 161.034 112.02
      16 161.037 112.016
      17 161.04 112.017
      18 12.6622 0
      19 12.3495 0


--- Simulation sequence:17 ---
#node_id rate rate_without_head
       0 84.2009 69.0855
       1 61.9186 50.8022
       2 160.803 112.109
       3 160.579 111.924
       4 160.493 111.854
       5 160.342 111.715
       6 160.295 111.672
       7 160.176 111.571
       8 160.13 111.529
       9 160.106 111.497
      10 160.066 111.459
      11 160.074 111.445
      12 160.102 111.436
      13 160.115 111.424
      14 160.136 111.422
      15 160.145 111.42
      16 160.156 111.419
      17 160.158 111.412
      18 160.173 111.415
      19 15.0041 0
      20 11.0026 0


--- Simulation sequence:18 ---
#node_id rate rate_without_head
       0 68.8613 56.4991
       1 68.0926 55.8684
       2 160.315 111.814
       3 160.133 111.664
       4 159.864 111.443
       5 159.773 111.353
       6 159.611 111.218
       7 159.53 111.15
       8 159.464 111.09
       9 159.468 111.078
      10 159.441 111.041
      11 159.416 110.998
      12 159.463 111.006
      13 159.491 111
      14 159.506 111.002
      15 159.538 110.999
      16 159.549 111.001
      17 159.551 111.002
      18 159.571 111.004
      19 159.577 111.006
      20 12.2374 0
      21 12.1227 0


--- Simulation sequence:19 ---
#node_id rate rate_without_head
       0 71.681 58.8128
       1 64.5638 52.9729
       2 160.013 111.579
       3 159.882 111.47
       4 159.718 111.333
       5 159.565 111.206
       6 159.426 111.089
       7 159.316 110.998
       8 159.253 110.941
       9 159.161 110.859
      10 159.126 110.817
      11 159.104 110.779
      12 159.134 110.771
      13 159.155 110.769
      14 159.164 110.752
      15 159.184 110.759
      16 159.2 110.758
      17 159.211 110.758
      18 159.216 110.757
      19 159.221 110.756
      20 159.219 110.755
      21 12.7533 0
      22 11.484 0


--- Simulation sequence:20 ---
#node_id rate rate_without_head
       0 69.3087 56.8657
       1 78.4595 64.3746
       2 158.976 110.882
       3 158.891 110.812
       4 158.783 110.723
       5 158.62 110.574
       6 158.524 110.493
       7 158.381 110.372
       8 158.321 110.314
       9 158.277 110.27
      10 158.146 110.161
      11 158.133 110.137
      12 158.119 110.113
      13 158.125 110.087
      14 158.135 110.076
      15 158.164 110.071
      16 158.188 110.069
      17 158.193 110.062
      18 158.179 110.042
      19 158.205 110.053
      20 158.21 110.049
      21 158.212 110.05
      22 12.3179 0
      23 13.9693 0


