2015年 11月 17日 星期二 08:04:32 CST
--- Simulation sequence:1 ---
#node_id rate rate_without_head
       0 1042.67 0
       1 460.406 320.27
       2 0.117554 0
       3 390.059 320.041
       4 69.9989 0


--- Simulation sequence:2 ---
#node_id rate rate_without_head
       0 9.51036 7.7046
       1 12.4917 9.9349
       2 222.325 154.743
       3 12.5091 9.94875
       4 0.768457 0
       5 187.936 154.197
       6 221.506 154.123
       7 221.467 154.07
       8 33.6958 0


--- Simulation sequence:3 ---
#node_id rate rate_without_head
       0 -0 -0
       1 -0 -0
       2 -0 -0
       3 184.462 131.592
       4 -0 -0
       5 -0 -0
       6 -0 -0
       7 160.512 131.695
       8 184.39 131.529
       9 184.428 131.568
      10 184.443 131.578
      11 184.441 131.545
      12 24.2029 0


--- Simulation sequence:4 ---
#node_id rate rate_without_head
       0 128.977 89.7229
       1 138.879 0
       2 1042.67 0
       3 1042.67 0
       4 232.734 181.811
       5 1042.67 0
       6 91.5453 0
       7 68.6502 0
       8 1042.67 0
       9 221.67 181.876
      10 232.645 181.737
      11 232.641 181.734
      12 232.637 181.731
      13 232.655 181.752
      14 232.669 181.749
      15 232.736 181.745
      16 11.5256 0


--- Simulation sequence:5 ---
#node_id rate rate_without_head
       0 171.068 125.363
       1 131.597 91.5457
       2 94.6379 0
       3 1042.67 0
       4 1042.67 0
       5 218.368 168.437
       6 1042.67 0
       7 1042.67 0
       8 114.029 0
       9 402.576 0
      10 1042.67 0
      11 205.984 169.005
      12 218.692 168.711
      13 218.334 168.418
      14 218.318 168.403
      15 218.313 168.399
      16 218.305 168.393
      17 218.301 168.39
      18 218.281 168.372
      19 218.294 168.368
      20 13.4059 0


--- Simulation sequence:6 ---
#node_id rate rate_without_head
       0 82.6212 67.773
       1 90.4106 67.5208
       2 90.2241 67.3675
       3 89.8473 67.058
       4 89.8516 67.0613
       5 89.8346 67.0486
       6 205.788 158.082
       7 89.8225 67.0396
       8 89.8711 67.089
       9 89.9029 67.1089
      10 90.0261 67.1716
      11 90.0542 67.1671
      12 8.21847 0
      13 128.928 105.779
      14 135.072 105.362
      15 134.744 105.092
      16 134.338 104.759
      17 134.285 104.716
      18 134.365 104.797
      19 134.35 104.792
      20 134.308 104.726
      21 134.41 104.766
      22 134.429 104.722
      23 134.49 104.72
      24 6.9766 0


--- Simulation sequence:7 ---
#node_id rate rate_without_head
       0 146.156 119.915
       1 150.394 119.807
       2 150.138 119.598
       3 150.085 119.554
       4 150.055 119.529
       5 149.952 119.444
       6 149.967 119.442
       7 254.284 204.522
       8 149.892 119.395
       9 149.88 119.37
      10 149.886 119.368
      11 149.91 119.366
      12 149.925 119.363
      13 149.905 119.338
      14 5.47039 0
      15 132.927 109.059
      16 133.473 108.82
      17 133.166 108.567
      18 132.86 108.316
      19 132.408 107.945
      20 132.213 107.785
      21 129.773 105.806
      22 132.619 108.125
      23 132.625 108.13
      24 173.401 141.35
      25 173.41 141.345
      26 173.45 141.34
      27 173.475 141.336
      28 1.41915 0


--- Simulation sequence:8 ---
#node_id rate rate_without_head
       0 14.1268 11.5801
       1 13.8132 11.2116
       2 13.4995 10.9653
       3 13.1235 10.6568
       4 12.7479 10.3486
       5 12.0084 9.74167
       6 11.8457 9.60829
       7 11.8453 9.60799
       8 274.876 224.17
       9 11.9051 9.66821
      10 11.9667 9.72981
      11 9.45755 7.66427
      12 9.46857 7.6646
      13 9.46903 7.66497
      14 9.46945 7.66531
      15 9.46985 7.66564
      16 0.180429 0
      17 265.675 217.983
      18 267.207 217.937
      19 267.143 217.885
      20 267.087 217.839
      21 267.032 217.793
      22 266.925 217.706
      23 266.916 217.698
      24 266.96 217.734
      25 266.897 217.682
      26 266.884 217.672
      27 266.878 217.667
      28 266.873 217.663
      29 266.903 217.657
      30 266.933 217.653
      31 266.956 217.648
      32 1.92198 0


--- Simulation sequence:9 ---
#node_id rate rate_without_head
       0 266.858 218.953
       1 268.886 218.906
       2 268.831 218.861
       3 268.778 218.817
       4 268.662 218.722
       5 268.657 218.718
       6 268.652 218.714
       7 268.697 218.75
       8 268.631 218.696
       9 269.067 219.024
      10 268.647 218.687
      11 268.674 218.694
      12 268.696 218.69
      13 268.708 218.685
      14 268.722 218.682
      15 268.736 218.678
      16 268.749 218.674
      17 268.762 218.669
      18 7.39209 0
      19 3.91422 3.18212
      20 3.60427 2.90811
      21 3.13677 2.52451
      22 2.602 2.08572
      23 2.13397 1.70169
      24 1.73275 1.37248
      25 0.741782 0.549468
      26 0.175318 0.0550018
      27 0.175356 0.0550137
      28 0.175894 0.0551825
      29 0.176084 0.0552419
      30 0.188179 0.0552453
      31 0.188219 0.0552571
      32 0.188228 0.0552596
      33 0.188237 0.0552623
      34 0.188247 0.0552652
      35 0.188258 0.0552683
      36 0.0967247 0


--- Simulation sequence:10 ---
#node_id rate rate_without_head
       0 269.942 221.484
       1 271.771 221.429
       2 271.636 221.317
       3 271.519 221.221
       4 271.427 221.145
       5 271.371 221.1
       6 271.314 221.053
       7 271.207 220.966
       8 271.202 220.962
       9 271.198 220.958
      10 272.406 221.867
      11 271.184 220.946
      12 271.179 220.942
      13 271.174 220.938
      14 271.188 220.935
      15 271.183 220.923
      16 271.188 220.92
      17 271.191 220.915
      18 271.203 220.91
      19 271.201 220.9
      20 6.63529 0
      21 8.05753 6.59651
      22 7.37056 5.85522
      23 6.56799 5.19665
      24 5.86647 4.62098
      25 5.1635 4.04414
      26 4.45997 3.46686
      27 3.75639 2.88953
      28 2.35217 1.73699
      29 2.2537 1.65599
      30 2.33668 1.73892
      31 2.33711 1.73924
      32 2.33728 1.73937
      33 2.33825 1.74009
      34 2.33933 1.7409
      35 2.3395 1.74102
      36 2.33965 1.74114
      37 2.33982 1.74126
      38 2.33999 1.74139
      39 2.34015 1.74151
      40 0.247567 0


