2016年 05月 19日 星期四 19:02:09 CST
#node_id rate rate_without_head
       0 218.837 179.556
       1 502.049 349.314
       2 39.2027 0
       3 207.087 169.915
       4 37.1491 0


#node_id rate rate_without_head
       0 103.541 84.9511
       1 121.597 84.9406
       2 235.968 164.773
       3 121.598 84.9362
       4 18.0755 0
       5 107.394 88.1153
       6 126.214 88.1099
       7 126.217 88.1121
       8 18.828 0


#node_id rate rate_without_head
       0 98.5197 80.8316
       1 101.01 71.4983
       2 101.005 71.4921
       3 198.968 140.739
       4 101.078 71.5418
       5 101.077 71.5412
       6 14.8664 0
       7 99.2478 81.4316
       8 101.894 72.0319
       9 101.862 72.0055
      10 101.864 72.0045
      11 101.868 72.0055
      12 14.9811 0


#node_id rate rate_without_head
       0 132.789 108.94
       1 106.481 77.2901
       2 91.5242 65.0123
       3 91.4981 64.9869
       4 183.381 129.676
       5 91.5065 64.9796
       6 91.5397 65.0005
       7 92.559 64.9987
       8 14.2202 0
       9 135.913 111.516
      10 121.888 87.3317
      11 109.866 77.4672
      12 109.836 77.4418
      13 109.821 77.4171
      14 109.821 77.4128
      15 110.62 77.4201
      16 16.9295 0


#node_id rate rate_without_head
       0 125.587 103.033
       1 135.647 101.777
       2 102.335 74.443
       3 86.2591 61.2554
       4 86.1842 61.1925
       5 171.652 120.482
       6 86.1978 61.1909
       7 86.2123 61.19
       8 87.1125 61.1888
       9 87.9655 61.1879
      10 13.3928 0
      11 137.368 112.71
      12 156.456 111.629
      13 144.665 101.955
      14 139.106 97.393
      15 138.977 97.2868
      16 138.995 97.278
      17 139.006 97.2755
      18 139.454 97.2746
      19 139.814 97.2705
      20 21.2757 0


#node_id rate rate_without_head
       0 130.097 106.73
       1 137.884 103.575
       2 136.194 102.19
       3 103.777 75.5982
       4 89.718 64.06
       5 89.9126 64.1863
       6 179.001 127.486
       7 89.9459 64.1751
       8 89.9585 64.1746
       9 91.1173 64.174
      10 92.2561 64.1735
      11 92.2622 64.1731
      12 14.0447 0
      13 130.945 107.439
      14 140.107 104.209
      15 138.407 102.814
      16 110.516 79.9283
      17 98.2431 69.8575
      18 98.1571 69.7851
      19 98.1168 69.7363
      20 98.1332 69.7352
      21 99.2088 69.7303
      22 100.237 69.7299
      23 100.244 69.7308
      24 15.2571 0


#node_id rate rate_without_head
       0 132.913 109.055
       1 140.936 106.027
       2 136.998 102.796
       3 135.299 101.401
       4 104.663 76.2638
       5 91.4676 65.4338
       6 91.2409 65.2471
       7 182.596 130.674
       8 91.2828 65.247
       9 91.2942 65.2465
      10 92.466 65.2462
      11 93.7907 65.2457
      12 93.79 65.2452
      13 93.8507 65.2833
      14 14.2839 0
      15 133.57 109.591
      16 141.652 106.701
      17 137.845 103.577
      18 136.249 102.267
      19 104.925 76.563
      20 91.5218 65.566
      21 91.4124 65.4716
      22 91.4299 65.4587
      23 91.4362 65.455
      24 92.7395 65.4494
      25 94.0868 65.4496
      26 94.0941 65.4526
      27 94.0959 65.4539
      28 14.3213 0


#node_id rate rate_without_head
       0 136.707 112.168
       1 144.535 109.046
       2 140.725 105.92
       3 136.92 102.798
       4 135.365 101.521
       5 104.99 76.5945
       6 92.0831 66.0032
       7 91.9436 65.8858
       8 183.42 131.42
       9 92.006 65.9012
      10 91.9775 65.87
      11 93.1973 65.8708
      12 94.6845 65.8716
      13 94.6888 65.8725
      14 94.696 65.8734
      15 94.7001 65.8742
      16 14.4131 0
      17 136.885 112.313
      18 144.396 108.959
      19 140.158 105.481
      20 136.102 102.154
      21 134.672 100.98
      22 104.871 76.5251
      23 91.637 65.6646
      24 91.5782 65.6112
      25 91.5956 65.6005
      26 91.6151 65.5994
      27 92.8356 65.5973
      28 94.2855 65.5899
      29 94.2848 65.5852
      30 94.2862 65.5862
      31 94.2883 65.5877
      32 14.3505 0


#node_id rate rate_without_head
       0 140.04 114.902
       1 149.458 111.971
       2 145.687 108.878
       3 142.2 106.016
       4 139.114 103.484
       5 137.751 102.362
       6 111.867 81.1223
       7 100.813 72.0501
       8 100.742 71.9839
       9 181.338 129.893
      10 100.801 71.9852
      11 100.809 71.9824
      12 101.981 71.982
      13 103.476 71.9854
      14 103.487 71.9864
      15 103.488 71.9875
      16 103.489 71.9884
      17 103.49 71.9892
      18 15.7508 0
      19 141.48 116.081
      20 148.406 112.678
      21 144.119 109.16
      22 139.966 105.752
      23 136.5 102.908
      24 135.114 101.77
      25 103.035 75.4491
      26 89.4672 64.3138
      27 89.3041 64.1772
      28 89.3622 64.1884
      29 89.3705 64.1777
      30 90.738 64.1787
      31 92.2728 64.1806
      32 92.2741 64.1815
      33 92.2753 64.1823
      34 92.2765 64.1831
      35 92.2778 64.184
      36 14.0471 0


#node_id rate rate_without_head
       0 143.563 117.792
       1 150.775 114.684
       2 146.232 110.956
       3 142.712 108.068
       4 139.483 105.417
       5 136.174 102.702
       6 134.728 101.512
       7 103.721 76.0702
       8 89.8547 64.6922
       9 89.5857 64.4674
      10 184.366 132.609
      11 89.6276 64.4695
      12 89.6528 64.4704
      13 91.0492 64.4694
      14 92.6824 64.4747
      15 92.6815 64.4741
      16 92.6806 64.4693
      17 92.6817 64.4701
      18 92.6828 64.4708
      19 92.6839 64.4716
      20 14.1063 0
      21 143.221 117.512
      22 151.017 114.307
      23 146.993 111.005
      24 142.619 107.416
      25 139.398 104.772
      26 136.163 102.115
      27 134.697 100.912
      28 107.111 78.2744
      29 94.868 68.2187
      30 94.779 68.1492
      31 94.8379 68.1485
      32 94.8674 68.1481
      33 96.2195 68.1476
      34 97.9494 68.1471
      35 97.9577 68.1466
      36 97.963 68.1461
      37 98.0064 68.1742
      38 98.0075 68.175
      39 98.0087 68.1758
      40 14.8529 0


#node_id rate rate_without_head
       0 145.716 119.559
       1 154.691 116.953
       2 150.44 113.464
       3 146.579 110.297
       4 143.046 107.397
       5 140.08 104.963
       6 136.879 102.335
       7 135.53 101.227
       8 108.505 79.0537
       9 96.2527 68.997
      10 96.1115 68.878
      11 183.717 131.934
      12 96.1301 68.8677
      13 96.1464 68.8686
      14 97.4181 68.875
      15 98.9921 68.8745
      16 99.0003 68.874
      17 99.0056 68.8735
      18 99.005 68.873
      19 99.0074 68.8726
      20 99.0064 68.8699
      21 99.0078 68.8708
      22 15.0687 0
      23 146.505 120.202
      24 153.616 116.875
      25 149.952 113.868
      26 145.888 110.533
      27 142.345 107.626
      28 138.882 104.783
      29 135.684 102.157
      30 134.319 101.038
      31 104.239 76.3579
      32 91.2359 65.6846
      33 91.149 65.6116
      34 91.1737 65.6181
      35 91.1849 65.6149
      36 92.6189 65.6096
      37 94.308 65.6077
      38 94.3156 65.6043
      39 94.3175 65.6056
      40 90.2569 62.7812
      41 90.2604 62.7816
      42 90.261 62.7819
      43 90.2615 62.7823
      44 13.7397 0


#node_id rate rate_without_head
       0 149.896 122.989
       1 157.67 120.14
       2 153.318 116.568
       3 149.463 113.405
       4 146.242 110.763
       5 142.889 108.009
       6 139.636 105.34
       7 136.517 102.78
       8 135.323 101.799
       9 106.114 77.8286
      10 93.0991 67.1496
      11 93.0506 67.1032
      12 184.665 133.095
      13 93.1088 67.1106
      14 93.1148 67.1041
      15 94.6018 67.1057
      16 96.4387 67.1066
      17 96.4608 67.1074
      18 96.4657 67.1066
      19 96.465 67.1061
      20 96.4644 67.1057
      21 96.4639 67.1053
      22 96.4633 67.1049
      23 96.4616 67.1016
      24 14.6817 0
      25 150.017 123.076
      26 158.169 120.256
      27 154.512 117.255
      28 150.863 114.26
      29 147.526 111.523
      30 144.118 108.727
      31 141.15 106.292
      32 137.854 103.587
      33 136.556 102.521
      34 107.84 78.9592
      35 95.3363 68.6983
      36 95.2716 68.6442
      37 95.3861 68.6885
      38 95.395 68.6881
      39 96.895 68.6782
      40 94.4178 65.6882
      41 94.4286 65.6873
      42 94.4303 65.6865
      43 94.4591 65.7024
      44 94.4597 65.7028
      45 94.4603 65.7032
      46 94.461 65.7037
      47 94.4615 65.7041
      48 14.3788 0


#node_id rate rate_without_head
       0 150.899 123.812
       1 159.548 120.959
       2 155.453 117.599
       3 152.001 114.766
       4 149.301 112.551
       5 146.284 110.074
       6 143.365 107.679
       7 140.427 105.262
       8 137.747 103.061
       9 136.625 102.138
      10 109.916 80.217
      11 98.3807 70.7403
      12 98.3418 70.6986
      13 183.16 131.737
      14 98.3648 70.6854
      15 98.3921 70.6899
      16 99.7745 70.6917
      17 101.583 70.6913
      18 101.603 70.6908
      19 101.611 70.6903
      20 101.617 70.6898
      21 101.616 70.6894
      22 101.615 70.6888
      23 101.614 70.6858
      24 101.615 70.6868
      25 101.617 70.6877
      26 15.4661 0
      27 152.334 124.986
      28 160.228 122.028
      29 156.605 119.056
      30 152.666 115.823
      31 149.471 113.199
      32 146.093 110.427
      33 142.819 107.739
      34 140.082 105.49
      35 137.003 102.963
      36 135.621 101.827
      37 106.81 78.1822
      38 94.0217 67.6855
      39 93.9823 67.6516
      40 84.4636 60.7748
      41 84.4858 60.7758
      42 85.7355 60.7766
      43 87.3516 60.7788
      44 87.3624 60.778
      45 87.3703 60.7772
      46 87.3691 60.7764
      47 87.3679 60.7756
      48 87.3698 60.7748
      49 87.3701 60.7709
      50 87.3706 60.7712
      51 87.3712 60.7716
      52 13.2998 0


#node_id rate rate_without_head
       0 204.365 167.602
       1 504.892 352.34
       2 35.456 0
       3 229.585 188.294
       4 40.1744 0


#node_id rate rate_without_head
       0 -0 -0
       1 -0 -0
       2 233.402 162.436
       3 -0 -0
       4 -0 -0
       5 198.784 163.022
       6 233.311 162.373
       7 233.499 162.504
       8 35.3748 0


#node_id rate rate_without_head
       0 -0 -0
       1 -0 -0
       2 -0 -0
       3 196.729 137.274
       4 -0 -0
       5 -0 -0
       6 -0 -0
       7 168.019 137.779
       8 196.494 137.111
       9 196.585 137.174
      10 196.458 137.085
      11 196.223 136.783
      12 29.6128 0


#node_id rate rate_without_head
       0 -0 -0
       1 -0 -0
       2 -0 -0
       3 -0 -0
       4 179.657 125.189
       5 -0 -0
       6 -0 -0
       7 -0 -0
       8 -0 -0
       9 154.321 126.539
      10 180.1 125.637
      11 180.179 125.692
      12 180.112 125.646
      13 179.188 124.722
      14 179.438 124.897
      15 179.507 124.874
      16 27.2988 0


#node_id rate rate_without_head
       0 -0 -0
       1 -0 -0
       2 -0 -0
       3 -0 -0
       4 -0 -0
       5 169.571 118.173
       6 -0 -0
       7 -0 -0
       8 -0 -0
       9 -0 -0
      10 -0 -0
      11 146.088 119.784
      12 170.788 119.37
      13 170.408 119.036
      14 170.225 118.908
      15 169.883 118.53
      16 169.108 117.711
      17 168.536 117.172
      18 168.835 117.38
      19 168.827 117.304
      20 25.7721 0


#node_id rate rate_without_head
       0 -0 -0
       1 -0 -0
       2 -0 -0
       3 -0 -0
       4 -0 -0
       5 -0 -0
       6 159.263 111.144
       7 -0 -0
       8 -0 -0
       9 -0 -0
      10 -0 -0
      11 -0 -0
      12 -0 -0
      13 141.565 116.073
      14 162.309 113.83
      15 161.125 112.861
      16 160.079 111.923
      17 160.301 112.077
      18 159.801 111.659
      19 159.149 110.995
      20 159.069 110.868
      21 159.125 110.766
      22 159.136 110.703
      23 159.184 110.595
      24 24.3056 0


#node_id rate rate_without_head
       0 135.717 111.274
       1 145.586 108.817
       2 143.962 107.479
       3 142.435 106.214
       4 115.503 84.0973
       5 103.987 74.6674
       6 103.59 74.3243
       7 189.331 135.872
       8 103.3 73.9854
       9 103.046 73.8032
      10 104.394 73.7514
      11 105.621 73.334
      12 105.665 73.3647
      13 105.726 73.4071
      14 16.1679 0
      15 136.11 111.513
      16 140.455 106.482
      17 136.105 102.901
      18 133.936 101.114
      19 102.773 75.5385
      20 86.8514 62.4919
      21 87.3994 62.8862
      22 87.0203 62.4064
      23 87.3123 62.6158
      24 88.8456 62.746
      25 90.3956 62.7392
      26 90.5082 62.8174
      27 90.5695 62.8599
      28 13.8661 0


#node_id rate rate_without_head
       0 145.623 119.402
       1 153.437 115.337
       2 148.907 111.659
       3 141.722 105.749
       4 140.44 104.632
       5 111.011 80.4815
       6 101.085 72.3075
       7 101.014 72.184
       8 187.04 134.506
       9 100.637 71.7816
      10 100.767 71.8742
      11 101.953 71.8469
      12 103.355 71.8285
      13 103.337 71.816
      14 103.315 71.8004
      15 103.285 71.7797
      16 15.8028 0
      17 139.18 114.115
      18 144.901 110.788
      19 140.327 107.038
      20 136.946 104.229
      21 136.069 103.494
      22 100.181 74.0871
      23 87.4012 63.5751
      24 87.7359 63.765
      25 86.9793 63.0666
      26 87.0497 62.9696
      27 88.6221 63.1449
      28 90.9707 63.1416
      29 91.1163 63.2427
      30 91.1565 63.2706
      31 91.195 63.2973
      32 13.9549 0


#node_id rate rate_without_head
       0 141.05 115.65
       1 160.674 113.4
       2 158.295 111.461
       3 156.983 110.339
       4 155.729 109.253
       5 156.131 109.535
       6 155.957 109.413
       7 155.963 109.275
       8 155.599 108.88
       9 155.1 108.463
      10 155.21 108.399
      11 155.08 108.237
      12 155.113 108.117
      13 155.187 108.027
      14 154.833 107.568
      15 155.004 107.687
      16 155.181 107.81
      17 155.247 107.856
      18 23.7045 0
      19 -0 -0
      20 -0 -0
      21 -0 -0
      22 -0 -0
      23 -0 -0
      24 -0 -0
      25 -0 -0
      26 -0 -0
      27 -0 -0
      28 -0 -0
      29 -0 -0
      30 -0 -0
      31 -0 -0
      32 -0 -0
      33 -0 -0
      34 -0 -0
      35 -0 -0
      36 -0 -0


#node_id rate rate_without_head
       0 145.682 119.45
       1 154.677 116.154
       2 149.224 111.703
       3 143.777 107.215
       4 143.09 106.583
       5 142.2 105.835
       6 141.091 104.845
       7 117.382 85.3684
       8 107.114 76.8678
       9 107.134 76.8089
      10 186.838 134.539
      11 106.122 75.8917
      12 106.631 76.2555
      13 107.564 75.8968
      14 109.666 76.2175
      15 109.39 75.9545
      16 109.441 75.9901
      17 109.485 76.0208
      18 109.532 76.0535
      19 109.575 76.0829
      20 16.7537 0
      21 150.175 123.136
      22 155.541 120.021
      23 151.646 116.819
      24 145.237 111.595
      25 138.481 106.046
      26 134.677 102.913
      27 130.799 99.7568
      28 99.354 73.8718
      29 81.5641 59.2655
      30 81.4293 59.113
      31 80.4892 58.2812
      32 81.6141 59.0203
      33 82.0404 58.3608
      34 84.5298 58.6594
      35 84.5631 58.6825
      36 84.5957 58.7051
      37 84.6308 58.7295
      38 84.6621 58.7512
      39 84.7004 58.7778
      40 11.2919 0


#node_id rate rate_without_head
       0 135.816 111.355
       1 155.624 110.396
       2 153.629 108.791
       3 152.143 107.474
       4 151.748 107.13
       5 151.032 106.487
       6 150.617 106.063
       7 148.902 104.583
       8 148.605 104.303
       9 148.242 103.909
      10 147.131 102.921
      11 147.289 102.889
      12 147.694 103.172
      13 147.493 102.96
      14 147.296 102.609
      15 146.793 102.117
      16 147.007 102.265
      17 147.235 102.353
      18 147.209 102.334
      19 147.175 102.311
      20 147.085 102.177
      21 147.146 102.219
      22 22.4726 0
      23 -0 -0
      24 -0 -0
      25 -0 -0
      26 -0 -0
      27 -0 -0
      28 -0 -0
      29 -0 -0
      30 -0 -0
      31 -0 -0
      32 -0 -0
      33 -0 -0
      34 -0 -0
      35 -0 -0
      36 -0 -0
      37 -0 -0
      38 -0 -0
      39 -0 -0
#node_id rate rate_without_head
       0 142.019 116.444
       1 159.804 113.305
       2 157.709 111.565
       3 156.743 110.752
       4 156.052 110.126
       5 156.062 110.061
       6 155.456 109.496
       7 154.98 109.022
       8 154.35 108.446
       9 154.287 108.329
      10 154.105 108.13
      11 153.776 107.759
      12 153.433 107.379
      13 153.217 107.014
      14 153.414 107.009
      15 153.581 107.125
      16 153.253 106.754
      17 153.159 106.617
      18 153.02 106.449
      19 152.643 106.115
      20 152.612 106.093
      21 152.564 106.06
      22 152.811 106.159
      23 152.871 106.201
      24 23.3456 0
      25 -0 -0
      26 -0 -0
      27 -0 -0
      28 -0 -0
      29 -0 -0
      30 -0 -0
      31 -0 -0
      32 -0 -0
      33 -0 -0
      34 -0 -0
      35 -0 -0
      36 -0 -0
      37 -0 -0
      38 -0 -0
      39 -0 -0
#node_id rate rate_without_head
       0 138.819 113.819
       1 158.516 112.629
       2 156.394 110.869
       3 155.917 110.394
       4 155.028 109.636
       5 154.255 108.951
       6 153.903 108.565
       7 153.744 108.241
       8 153.392 107.921
       9 153.041 107.535
      10 152.849 107.26
      11 152.89 107.217
      12 152.846 107.186
      13 152.607 106.95
      14 152.532 106.682
      15 152.965 106.84
      16 153.042 106.75
      17 153.005 106.724
      18 152.763 106.413
      19 152.931 106.459
      20 152.995 106.503
      21 152.854 106.405
      22 152.65 106.192
      23 152.613 106.166
      24 152.418 105.958
      25 152.535 106.04
      26 23.2987 0
      27 -0 -0
      28 -0 -0
      29 -0 -0
      30 -0 -0
      31 -0 -0
      32 -0 -0
      33 -0 -0
      34 -0 -0
      35 -0 -0
      36 -0 -0
      37 -0 -0
      38 -0 -0
      39 -0 -0
#node_id rate rate_without_head
       0 204.365 167.602
       1 504.892 352.34
       2 35.456 0
       3 229.585 188.294
       4 40.1744 0


#node_id rate rate_without_head
       0 -0 -0
       1 -0 -0
       2 233.402 162.436
       3 -0 -0
       4 -0 -0
       5 198.784 163.022
       6 233.311 162.373
       7 233.499 162.504
       8 35.3748 0


#node_id rate rate_without_head
       0 -0 -0
       1 -0 -0
       2 -0 -0
       3 196.729 137.274
       4 -0 -0
       5 -0 -0
       6 -0 -0
       7 168.019 137.779
       8 196.494 137.111
       9 196.585 137.174
      10 196.458 137.085
      11 196.223 136.783
      12 29.6128 0


#node_id rate rate_without_head
       0 -0 -0
       1 -0 -0
       2 -0 -0
       3 -0 -0
       4 179.657 125.189
       5 -0 -0
       6 -0 -0
       7 -0 -0
       8 -0 -0
       9 154.321 126.539
      10 180.1 125.637
      11 180.179 125.692
      12 180.112 125.646
      13 179.188 124.722
      14 179.438 124.897
      15 179.507 124.874
      16 27.2988 0


#node_id rate rate_without_head
       0 -0 -0
       1 -0 -0
       2 -0 -0
       3 -0 -0
       4 -0 -0
       5 169.571 118.173
       6 -0 -0
       7 -0 -0
       8 -0 -0
       9 -0 -0
      10 -0 -0
      11 146.088 119.784
      12 170.788 119.37
      13 170.408 119.036
      14 170.225 118.908
      15 169.883 118.53
      16 169.108 117.711
      17 168.536 117.172
      18 168.835 117.38
      19 168.827 117.304
      20 25.7721 0


#node_id rate rate_without_head
       0 -0 -0
       1 -0 -0
       2 -0 -0
       3 -0 -0
       4 -0 -0
       5 -0 -0
       6 159.263 111.144
       7 -0 -0
       8 -0 -0
       9 -0 -0
      10 -0 -0
      11 -0 -0
      12 -0 -0
      13 141.565 116.073
      14 162.309 113.83
      15 161.125 112.861
      16 160.079 111.923
      17 160.301 112.077
      18 159.801 111.659
      19 159.149 110.995
      20 159.069 110.868
      21 159.125 110.766
      22 159.136 110.703
      23 159.184 110.595
      24 24.3056 0


#node_id rate rate_without_head
       0 135.717 111.274
       1 145.586 108.817
       2 143.962 107.479
       3 142.435 106.214
       4 115.503 84.0973
       5 103.987 74.6674
       6 103.59 74.3243
       7 189.331 135.872
       8 103.3 73.9854
       9 103.046 73.8032
      10 104.394 73.7514
      11 105.621 73.334
      12 105.665 73.3647
      13 105.726 73.4071
      14 16.1679 0
      15 136.11 111.513
      16 140.455 106.482
      17 136.105 102.901
      18 133.936 101.114
      19 102.773 75.5385
      20 86.8514 62.4919
      21 87.3994 62.8862
      22 87.0203 62.4064
      23 87.3123 62.6158
      24 88.8456 62.746
      25 90.3956 62.7392
      26 90.5082 62.8174
      27 90.5695 62.8599
      28 13.8661 0


#node_id rate rate_without_head
       0 145.623 119.402
       1 153.437 115.337
       2 148.907 111.659
       3 141.722 105.749
       4 140.44 104.632
       5 111.011 80.4815
       6 101.085 72.3075
       7 101.014 72.184
       8 187.04 134.506
       9 100.637 71.7816
      10 100.767 71.8742
      11 101.953 71.8469
      12 103.355 71.8285
      13 103.337 71.816
      14 103.315 71.8004
      15 103.285 71.7797
      16 15.8028 0
      17 139.18 114.115
      18 144.901 110.788
      19 140.327 107.038
      20 136.946 104.229
      21 136.069 103.494
      22 100.181 74.0871
      23 87.4012 63.5751
      24 87.7359 63.765
      25 86.9793 63.0666
      26 87.0497 62.9696
      27 88.6221 63.1449
      28 90.9707 63.1416
      29 91.1163 63.2427
      30 91.1565 63.2706
      31 91.195 63.2973
      32 13.9549 0


#node_id rate rate_without_head
       0 141.05 115.65
       1 160.674 113.4
       2 158.295 111.461
       3 156.983 110.339
       4 155.729 109.253
       5 156.131 109.535
       6 155.957 109.413
       7 155.963 109.275
       8 155.599 108.88
       9 155.1 108.463
      10 155.21 108.399
      11 155.08 108.237
      12 155.113 108.117
      13 155.187 108.027
      14 154.833 107.568
      15 155.004 107.687
      16 155.181 107.81
      17 155.247 107.856
      18 23.7045 0
      19 -0 -0
      20 -0 -0
      21 -0 -0
      22 -0 -0
      23 -0 -0
      24 -0 -0
      25 -0 -0
      26 -0 -0
      27 -0 -0
      28 -0 -0
      29 -0 -0
      30 -0 -0
      31 -0 -0
      32 -0 -0
      33 -0 -0
      34 -0 -0
      35 -0 -0
      36 -0 -0


#node_id rate rate_without_head
       0 145.682 119.45
       1 154.677 116.154
       2 149.224 111.703
       3 143.777 107.215
       4 143.09 106.583
       5 142.2 105.835
       6 141.091 104.845
       7 117.382 85.3684
       8 107.114 76.8678
       9 107.134 76.8089
      10 186.838 134.539
      11 106.122 75.8917
      12 106.631 76.2555
      13 107.564 75.8968
      14 109.666 76.2175
      15 109.39 75.9545
      16 109.441 75.9901
      17 109.485 76.0208
      18 109.532 76.0535
      19 109.575 76.0829
      20 16.7537 0
      21 150.175 123.136
      22 155.541 120.021
      23 151.646 116.819
      24 145.237 111.595
      25 138.481 106.046
      26 134.677 102.913
      27 130.799 99.7568
      28 99.354 73.8718
      29 81.5641 59.2655
      30 81.4293 59.113
      31 80.4892 58.2812
      32 81.6141 59.0203
      33 82.0404 58.3608
      34 84.5298 58.6594
      35 84.5631 58.6825
      36 84.5957 58.7051
      37 84.6308 58.7295
      38 84.6621 58.7512
      39 84.7004 58.7778
      40 11.2919 0


#node_id rate rate_without_head
       0 135.816 111.355
       1 155.624 110.396
       2 153.629 108.791
       3 152.143 107.474
       4 151.748 107.13
       5 151.032 106.487
       6 150.617 106.063
       7 148.902 104.583
       8 148.605 104.303
       9 148.242 103.909
      10 147.131 102.921
      11 147.289 102.889
      12 147.694 103.172
      13 147.493 102.96
      14 147.296 102.609
      15 146.793 102.117
      16 147.007 102.265
      17 147.235 102.353
      18 147.209 102.334
      19 147.175 102.311
      20 147.085 102.177
      21 147.146 102.219
      22 22.4726 0
      23 -0 -0
      24 -0 -0
      25 -0 -0
      26 -0 -0
      27 -0 -0
      28 -0 -0
      29 -0 -0
      30 -0 -0
      31 -0 -0
      32 -0 -0
      33 -0 -0
      34 -0 -0
      35 -0 -0
      36 -0 -0
      37 -0 -0
      38 -0 -0
      39 -0 -0
#node_id rate rate_without_head
       0 142.019 116.444
       1 159.804 113.305
       2 157.709 111.565
       3 156.743 110.752
       4 156.052 110.126
       5 156.062 110.061
       6 155.456 109.496
       7 154.98 109.022
       8 154.35 108.446
       9 154.287 108.329
      10 154.105 108.13
      11 153.776 107.759
      12 153.433 107.379
      13 153.217 107.014
      14 153.414 107.009
      15 153.581 107.125
      16 153.253 106.754
      17 153.159 106.617
      18 153.02 106.449
      19 152.643 106.115
      20 152.612 106.093
      21 152.564 106.06
      22 152.811 106.159
      23 152.871 106.201
      24 23.3456 0
      25 -0 -0
      26 -0 -0
      27 -0 -0
      28 -0 -0
      29 -0 -0
      30 -0 -0
      31 -0 -0
      32 -0 -0
      33 -0 -0
      34 -0 -0
      35 -0 -0
      36 -0 -0
      37 -0 -0
      38 -0 -0
      39 -0 -0
#node_id rate rate_without_head
       0 138.819 113.819
       1 158.516 112.629
       2 156.394 110.869
       3 155.917 110.394
       4 155.028 109.636
       5 154.255 108.951
       6 153.903 108.565
       7 153.744 108.241
       8 153.392 107.921
       9 153.041 107.535
      10 152.849 107.26
      11 152.89 107.217
      12 152.846 107.186
      13 152.607 106.95
      14 152.532 106.682
      15 152.965 106.84
      16 153.042 106.75
      17 153.005 106.724
      18 152.763 106.413
      19 152.931 106.459
      20 152.995 106.503
      21 152.854 106.405
      22 152.65 106.192
      23 152.613 106.166
      24 152.418 105.958
      25 152.535 106.04
      26 23.2987 0
      27 -0 -0
      28 -0 -0
      29 -0 -0
      30 -0 -0
      31 -0 -0
      32 -0 -0
      33 -0 -0
      34 -0 -0
      35 -0 -0
      36 -0 -0
      37 -0 -0
      38 -0 -0
      39 -0 -0
#node_id rate rate_without_head
       0 204.365 167.602
       1 504.892 352.34
       2 35.456 0
       3 229.585 188.294
       4 40.1744 0


#node_id rate rate_without_head
       0 -0 -0
       1 -0 -0
       2 233.402 162.436
       3 -0 -0
       4 -0 -0
       5 198.784 163.022
       6 233.311 162.373
       7 233.499 162.504
       8 35.3748 0


#node_id rate rate_without_head
       0 -0 -0
       1 -0 -0
       2 -0 -0
       3 196.729 137.274
       4 -0 -0
       5 -0 -0
       6 -0 -0
       7 168.019 137.779
       8 196.494 137.111
       9 196.585 137.174
      10 196.458 137.085
      11 196.223 136.783
      12 29.6128 0


#node_id rate rate_without_head
       0 -0 -0
       1 -0 -0
       2 -0 -0
       3 -0 -0
       4 179.657 125.189
       5 -0 -0
       6 -0 -0
       7 -0 -0
       8 -0 -0
       9 154.321 126.539
      10 180.1 125.637
      11 180.179 125.692
      12 180.112 125.646
      13 179.188 124.722
      14 179.438 124.897
      15 179.507 124.874
      16 27.2988 0


#node_id rate rate_without_head
       0 -0 -0
       1 -0 -0
       2 -0 -0
       3 -0 -0
       4 -0 -0
       5 169.571 118.173
       6 -0 -0
       7 -0 -0
       8 -0 -0
       9 -0 -0
      10 -0 -0
      11 146.088 119.784
      12 170.788 119.37
      13 170.408 119.036
      14 170.225 118.908
      15 169.883 118.53
      16 169.108 117.711
      17 168.536 117.172
      18 168.835 117.38
      19 168.827 117.304
      20 25.7721 0


#node_id rate rate_without_head
       0 -0 -0
       1 -0 -0
       2 -0 -0
       3 -0 -0
       4 -0 -0
       5 -0 -0
       6 159.263 111.144
       7 -0 -0
       8 -0 -0
       9 -0 -0
      10 -0 -0
      11 -0 -0
      12 -0 -0
      13 141.565 116.073
      14 162.309 113.83
      15 161.125 112.861
      16 160.079 111.923
      17 160.301 112.077
      18 159.801 111.659
      19 159.149 110.995
      20 159.069 110.868
      21 159.125 110.766
      22 159.136 110.703
      23 159.184 110.595
      24 24.3056 0


#node_id rate rate_without_head
       0 135.717 111.274
       1 145.586 108.817
       2 143.962 107.479
       3 142.435 106.214
       4 115.503 84.0973
       5 103.987 74.6674
       6 103.59 74.3243
       7 189.331 135.872
       8 103.3 73.9854
       9 103.046 73.8032
      10 104.394 73.7514
      11 105.621 73.334
      12 105.665 73.3647
      13 105.726 73.4071
      14 16.1679 0
      15 136.11 111.513
      16 140.455 106.482
      17 136.105 102.901
      18 133.936 101.114
      19 102.773 75.5385
      20 86.8514 62.4919
      21 87.3994 62.8862
      22 87.0203 62.4064
      23 87.3123 62.6158
      24 88.8456 62.746
      25 90.3956 62.7392
      26 90.5082 62.8174
      27 90.5695 62.8599
      28 13.8661 0


#node_id rate rate_without_head
       0 145.623 119.402
       1 153.437 115.337
       2 148.907 111.659
       3 141.722 105.749
       4 140.44 104.632
       5 111.011 80.4815
       6 101.085 72.3075
       7 101.014 72.184
       8 187.04 134.506
       9 100.637 71.7816
      10 100.767 71.8742
      11 101.953 71.8469
      12 103.355 71.8285
      13 103.337 71.816
      14 103.315 71.8004
      15 103.285 71.7797
      16 15.8028 0
      17 139.18 114.115
      18 144.901 110.788
      19 140.327 107.038
      20 136.946 104.229
      21 136.069 103.494
      22 100.181 74.0871
      23 87.4012 63.5751
      24 87.7359 63.765
      25 86.9793 63.0666
      26 87.0497 62.9696
      27 88.6221 63.1449
      28 90.9707 63.1416
      29 91.1163 63.2427
      30 91.1565 63.2706
      31 91.195 63.2973
      32 13.9549 0


#node_id rate rate_without_head
       0 141.05 115.65
       1 160.674 113.4
       2 158.295 111.461
       3 156.983 110.339
       4 155.729 109.253
       5 156.131 109.535
       6 155.957 109.413
       7 155.963 109.275
       8 155.599 108.88
       9 155.1 108.463
      10 155.21 108.399
      11 155.08 108.237
      12 155.113 108.117
      13 155.187 108.027
      14 154.833 107.568
      15 155.004 107.687
      16 155.181 107.81
      17 155.247 107.856
      18 23.7045 0
      19 -0 -0
      20 -0 -0
      21 -0 -0
      22 -0 -0
      23 -0 -0
      24 -0 -0
      25 -0 -0
      26 -0 -0
      27 -0 -0
      28 -0 -0
      29 -0 -0
      30 -0 -0
      31 -0 -0
      32 -0 -0
      33 -0 -0
      34 -0 -0
      35 -0 -0
      36 -0 -0


#node_id rate rate_without_head
       0 145.682 119.45
       1 154.677 116.154
       2 149.224 111.703
       3 143.777 107.215
       4 143.09 106.583
       5 142.2 105.835
       6 141.091 104.845
       7 117.382 85.3684
       8 107.114 76.8678
       9 107.134 76.8089
      10 186.838 134.539
      11 106.122 75.8917
      12 106.631 76.2555
      13 107.564 75.8968
      14 109.666 76.2175
      15 109.39 75.9545
      16 109.441 75.9901
      17 109.485 76.0208
      18 109.532 76.0535
      19 109.575 76.0829
      20 16.7537 0
      21 150.175 123.136
      22 155.541 120.021
      23 151.646 116.819
      24 145.237 111.595
      25 138.481 106.046
      26 134.677 102.913
      27 130.799 99.7568
      28 99.354 73.8718
      29 81.5641 59.2655
      30 81.4293 59.113
      31 80.4892 58.2812
      32 81.6141 59.0203
      33 82.0404 58.3608
      34 84.5298 58.6594
      35 84.5631 58.6825
      36 84.5957 58.7051
      37 84.6308 58.7295
      38 84.6621 58.7512
      39 84.7004 58.7778
      40 11.2919 0


#node_id rate rate_without_head
       0 135.816 111.355
       1 155.624 110.396
       2 153.629 108.791
       3 152.143 107.474
       4 151.748 107.13
       5 151.032 106.487
       6 150.617 106.063
       7 148.902 104.583
       8 148.605 104.303
       9 148.242 103.909
      10 147.131 102.921
      11 147.289 102.889
      12 147.694 103.172
      13 147.493 102.96
      14 147.296 102.609
      15 146.793 102.117
      16 147.007 102.265
      17 147.235 102.353
      18 147.209 102.334
      19 147.175 102.311
      20 147.085 102.177
      21 147.146 102.219
      22 22.4726 0
      23 -0 -0
      24 -0 -0
      25 -0 -0
      26 -0 -0
      27 -0 -0
      28 -0 -0
      29 -0 -0
      30 -0 -0
      31 -0 -0
      32 -0 -0
      33 -0 -0
      34 -0 -0
      35 -0 -0
      36 -0 -0
      37 -0 -0
      38 -0 -0
      39 -0 -0
#node_id rate rate_without_head
       0 142.019 116.444
       1 159.804 113.305
       2 157.709 111.565
       3 156.743 110.752
       4 156.052 110.126
       5 156.062 110.061
       6 155.456 109.496
       7 154.98 109.022
       8 154.35 108.446
       9 154.287 108.329
      10 154.105 108.13
      11 153.776 107.759
      12 153.433 107.379
      13 153.217 107.014
      14 153.414 107.009
      15 153.581 107.125
      16 153.253 106.754
      17 153.159 106.617
      18 153.02 106.449
      19 152.643 106.115
      20 152.612 106.093
      21 152.564 106.06
      22 152.811 106.159
      23 152.871 106.201
      24 23.3456 0
      25 -0 -0
      26 -0 -0
      27 -0 -0
      28 -0 -0
      29 -0 -0
      30 -0 -0
      31 -0 -0
      32 -0 -0
      33 -0 -0
      34 -0 -0
      35 -0 -0
      36 -0 -0
      37 -0 -0
      38 -0 -0
      39 -0 -0
#node_id rate rate_without_head
       0 138.819 113.819
       1 158.516 112.629
       2 156.394 110.869
       3 155.917 110.394
       4 155.028 109.636
       5 154.255 108.951
       6 153.903 108.565
       7 153.744 108.241
       8 153.392 107.921
       9 153.041 107.535
      10 152.849 107.26
      11 152.89 107.217
      12 152.846 107.186
      13 152.607 106.95
      14 152.532 106.682
      15 152.965 106.84
      16 153.042 106.75
      17 153.005 106.724
      18 152.763 106.413
      19 152.931 106.459
      20 152.995 106.503
      21 152.854 106.405
      22 152.65 106.192
      23 152.613 106.166
      24 152.418 105.958
      25 152.535 106.04
      26 23.2987 0
      27 -0 -0
      28 -0 -0
      29 -0 -0
      30 -0 -0
      31 -0 -0
      32 -0 -0
      33 -0 -0
      34 -0 -0
      35 -0 -0
      36 -0 -0
      37 -0 -0
      38 -0 -0
      39 -0 -0
#node_id rate rate_without_head
       0 218.837 179.556
       1 502.049 349.314
       2 39.2027 0
       3 207.087 169.915
       4 37.1491 0


#node_id rate rate_without_head
       0 86.6524 71.0967
       1 101.866 71.1428
       2 230.551 161.042
       3 101.93 71.2015
       4 15.151 0
       5 122.866 100.81
       6 144.829 100.947
       7 145.019 101.107
       8 21.7696 0


#node_id rate rate_without_head
       0 79.7182 65.407
       1 115.843 85.8947
       2 115.843 85.898
       3 244.529 189.048
       4 115.847 85.9042
       5 115.884 85.9275
       6 11.2112 0
       7 161.53 132.535
       8 168.312 132.515
       9 168.299 132.514
      10 168.308 132.526
      11 168.328 132.532
      12 6.9054 0


#node_id rate rate_without_head
       0 194.183 159.315
       1 206.607 158.503
       2 206.636 158.526
       3 218.62 167.738
       4 246.634 193.096
       5 218.709 167.819
       6 218.695 167.819
       7 218.742 167.79
       8 14.7747 0
       9 142.549 116.961
      10 146.827 116.665
      11 146.7 116.561
      12 146.668 116.534
      13 146.671 116.537
      14 146.673 116.539
      15 146.64 116.499
      16 4.71627 0


#node_id rate rate_without_head
       0 156.411 128.332
       1 160.535 128.03
       2 160.074 127.652
       3 159.985 127.579
       4 159.967 127.564
       5 220.384 172.455
       6 159.977 127.574
       7 160.017 127.602
       8 160.01 127.587
       9 160.017 127.571
      10 4.94066 0
      11 68.2053 55.9606
      12 74.062 55.4077
      13 73.755 55.1503
      14 73.6752 55.0903
      15 73.7132 55.1213
      16 73.7541 55.1684
      17 73.8107 55.2147
      18 73.7945 55.185
      19 73.8288 55.1858
      20 6.6177 0


#node_id rate rate_without_head
       0 7.14163 5.85423
       1 7.39822 5.51288
       2 7.15213 5.31096
       3 6.97836 5.17117
       4 6.90046 5.09584
       5 6.89098 5.09637
       6 268.755 217.944
       7 6.89095 5.09635
       8 6.89089 5.09631
       9 6.8957 5.08073
      10 6.86497 5.04991
      11 6.86831 5.04987
      12 0.720167 0
      13 262.701 215.547
      14 265.157 215.452
      15 265.094 215.402
      16 265.089 215.4
      17 265.12 215.431
      18 265.137 215.447
      19 265.171 215.477
      20 265.18 215.48
      21 264.987 215.295
      22 265.012 215.297
      23 265.063 215.314
      24 2.71954 0


#node_id rate rate_without_head
       0 13.9194 11.4169
       1 15.1421 10.7045
       2 14.7233 10.3609
       3 14.5002 10.1778
       4 14.0586 9.81128
       5 13.8962 9.67393
       6 13.9194 9.69705
       7 254.526 204.97
       8 13.9938 9.76622
       9 14.0041 9.76643
      10 14.0374 9.78956
      11 11.692 8.13647
      12 11.7047 8.13661
      13 11.6412 8.06053
      14 1.83414 0
      15 243.898 200.119
      16 246.87 199.704
      17 246.635 199.51
      18 246.434 199.344
      19 246.163 199.123
      20 246.158 199.119
      21 246.336 199.273
      22 246.371 199.307
      23 246.363 199.293
      24 246.371 199.292
      25 246.373 199.276
      26 246.359 199.248
      27 246.379 199.247
      28 4.96537 0


#node_id rate rate_without_head
       0 34.7927 28.5454
       1 35.2336 28.046
       2 35.033 27.8814
       3 34.8157 27.703
       4 34.6653 27.5797
       5 34.3474 27.3188
       6 34.0965 27.1129
       7 34.0168 27.045
       8 262.959 213.091
       9 33.9979 27.0319
      10 34.0373 27.0618
      11 34.0442 27.0477
      12 34.1037 27.0719
      13 34.0971 27.0443
      14 34.0826 27.0028
      15 34.1149 27.0022
      16 1.24206 0
      17 227.854 186.955
      18 229.754 186.703
      19 229.603 186.574
      20 229.474 186.473
      21 229.271 186.304
      22 229.086 186.152
      23 229.011 186.088
      24 228.989 186.067
      25 229.02 186.086
      26 229.01 186.072
      27 228.997 186.057
      28 229.023 186.071
      29 229.029 186.054
      30 229.06 186.066
      31 229.084 186.062
      32 2.36317 0


#node_id rate rate_without_head
       0 150.808 123.737
       1 155.007 122.088
       2 154.574 121.732
       3 154.284 121.492
       4 154.164 121.393
       5 154.007 121.266
       6 153.814 121.111
       7 153.788 121.084
       8 153.908 121.187
       9 223.58 176.48
      10 153.874 121.162
      11 153.858 121.149
      12 153.912 121.165
      13 153.909 121.152
      14 153.943 121.154
      15 153.967 121.156
      16 154.038 121.186
      17 154.051 121.174
      18 6.43638 0
      19 77.3619 63.4713
      20 79.4704 63.0288
      21 79.3482 62.9286
      22 79.1927 62.8035
      23 79.0531 62.6889
      24 78.9831 62.6315
      25 78.8466 62.517
      26 78.7667 62.4488
      27 78.7692 62.4482
      28 78.7453 62.4338
      29 78.7604 62.4334
      30 78.7599 62.4226
      31 78.7874 62.4222
      32 78.7994 62.4218
      33 78.8144 62.4213
      34 78.8172 62.4107
      35 78.8355 62.4103
      36 2.90434 0


#node_id rate rate_without_head
       0 64.0315 52.5362
       1 65.9993 51.9144
       2 65.7055 51.6733
       3 65.4117 51.4322
       4 65.1526 51.2196
       5 64.8587 50.9784
       6 64.5474 50.723
       7 64.1242 50.368
       8 63.9721 50.2407
       9 63.9921 50.2698
      10 253.338 202.879
      11 64.0237 50.2855
      12 64.0372 50.2863
      13 63.5812 49.9009
      14 63.579 49.8483
      15 63.634 49.863
      16 63.6688 49.8637
      17 63.7017 49.8502
      18 63.7425 49.8507
      19 63.7896 49.8513
      20 3.10738 0
      21 191.849 157.412
      22 194.562 156.793
      23 194.187 156.491
      24 193.701 156.092
      25 193.259 155.729
      26 192.903 155.44
      27 192.465 155.082
      28 191.852 154.575
      29 191.603 154.378
      30 191.588 154.363
      31 187.272 150.824
      32 178.288 143.433
      33 178.364 143.468
      34 178.356 143.412
      35 178.402 143.411
      36 178.456 143.423
      37 178.499 143.418
      38 178.525 143.403
      39 178.601 143.416
      40 4.04778 0


#node_id rate rate_without_head
       0 18.2446 14.9669
       1 19.6469 14.1593
       2 19.2376 13.8234
       3 18.6476 13.3361
       4 18.1318 12.9158
       5 17.8021 12.6301
       6 17.5584 12.4452
       7 17.2996 12.2267
       8 16.9306 11.9265
       9 16.8424 11.86
      10 16.8254 11.8431
      11 251.773 204.366
      12 16.8252 11.8429
      13 16.8455 11.8596
      14 15.6906 11.013
      15 13.8788 9.71811
      16 13.9019 9.73209
      17 13.9095 9.71836
      18 13.911 9.70462
      19 13.9324 9.70474
      20 13.9616 9.71873
      21 13.9752 9.70498
      22 2.17758 0
      23 264.523 217.039
      24 264.923 216.689
      25 264.717 216.52
      26 264.575 216.403
      27 264.406 216.264
      28 264.364 216.232
      29 264.121 216.033
      30 264.074 215.987
      31 263.887 215.833
      32 263.769 215.739
      33 263.704 215.691
      34 263.73 215.701
      35 263.723 215.687
      36 263.689 215.649
      37 263.666 215.608
      38 263.697 215.62
      39 263.68 215.589
      40 237.066 193.807
      41 237.081 193.8
      42 237.102 193.798
      43 237.163 193.809
      44 0.991612 0


#node_id rate rate_without_head
       0 251.086 206.017
       1 251.363 205.563
       2 251.153 205.393
       3 250.932 205.211
       4 250.748 205.058
       5 250.629 204.96
       6 250.477 204.836
       7 250.369 204.752
       8 250.234 204.641
       9 250.013 204.46
      10 249.978 204.431
      11 249.937 204.402
      12 259.213 211.009
      13 249.958 204.427
      14 249.958 204.424
      15 249.959 204.423
      16 249.999 204.436
      17 250.02 204.448
      18 250.024 204.444
      19 249.993 204.402
      20 250.022 204.4
      21 250.044 204.399
      22 250.056 204.384
      23 250.071 204.372
      24 1.03706 0
      25 12.9829 10.6446
      26 13.6176 10.0644
      27 13.1068 9.64798
      28 12.6899 9.30583
      29 12.3455 9.02325
      30 11.9103 8.66612
      31 11.4208 8.26438
      32 11.0614 7.96682
      33 10.7681 7.7288
      34 10.1748 7.23908
      35 10.0806 7.15378
      36 10.0076 7.09392
      37 9.99935 7.07905
      38 10.0307 7.09402
      39 10.0569 7.09402
      40 9.90152 6.94399
      41 9.92898 6.94293
      42 9.9433 6.92827
      43 9.97232 6.92831
      44 9.95262 6.89894
      45 9.98165 6.89898
      46 9.97989 6.88433
      47 9.97812 6.86967
      48 1.60572 0


#node_id rate rate_without_head
       0 256.187 210.203
       1 257.051 209.774
       2 256.748 209.526
       3 256.479 209.305
       4 256.31 209.166
       5 256.071 208.973
       6 255.816 208.763
       7 255.65 208.624
       8 255.464 208.472
       9 255.329 208.361
      10 255.155 208.221
      11 254.986 208.082
      12 254.884 207.999
      13 259.143 210.986
      14 250.316 204.25
      15 250.303 204.235
      16 250.359 204.274
      17 240.566 196.223
      18 240.609 196.247
      19 240.61 196.245
      20 240.604 196.23
      21 240.622 196.242
      22 240.615 196.224
      23 240.605 196.209
      24 240.624 196.221
      25 240.623 196.206
      26 2.65162 0
      27 7.12428 5.84292
      28 7.25926 5.40155
      29 6.99048 5.181
      30 6.70366 4.94564
      31 6.41684 4.71028
      32 6.16588 4.50435
      33 5.91491 4.29841
      34 5.61009 4.04828
      35 5.39177 3.87177
      36 5.14075 3.66579
      37 4.76518 3.35748
      38 4.643 3.25457
      39 4.57095 3.19548
      40 4.51103 3.15804
      41 4.51414 3.15799
      42 4.44156 3.06986
      43 4.42877 3.05663
      44 4.44646 3.07114
      45 4.42883 3.05668
      46 4.42071 3.04221
      47 4.42391 3.04223
      48 4.4271 3.04225
      49 4.43347 3.04227
      50 4.43667 3.04229
      51 4.44303 3.0423
      52 0.735228 0


#node_id rate rate_without_head
       0 218.837 179.556
       1 502.049 349.314
       2 39.2027 0
       3 207.087 169.915
       4 37.1491 0


#node_id rate rate_without_head
       0 86.6524 71.0967
       1 101.866 71.1428
       2 230.551 161.042
       3 101.93 71.2015
       4 15.151 0
       5 122.866 100.81
       6 144.829 100.947
       7 145.019 101.107
       8 21.7696 0


#node_id rate rate_without_head
       0 79.7182 65.407
       1 115.843 85.8947
       2 115.843 85.898
       3 244.529 189.048
       4 115.847 85.9042
       5 115.884 85.9275
       6 11.2112 0
       7 161.53 132.535
       8 168.312 132.515
       9 168.299 132.514
      10 168.308 132.526
      11 168.328 132.532
      12 6.9054 0


#node_id rate rate_without_head
       0 194.183 159.315
       1 206.607 158.503
       2 206.636 158.526
       3 218.62 167.738
       4 246.634 193.096
       5 218.709 167.819
       6 218.695 167.819
       7 218.742 167.79
       8 14.7747 0
       9 142.549 116.961
      10 146.827 116.665
      11 146.7 116.561
      12 146.668 116.534
      13 146.671 116.537
      14 146.673 116.539
      15 146.64 116.499
      16 4.71627 0


#node_id rate rate_without_head
       0 156.411 128.332
       1 160.535 128.03
       2 160.074 127.652
       3 159.985 127.579
       4 159.967 127.564
       5 220.384 172.455
       6 159.977 127.574
       7 160.017 127.602
       8 160.01 127.587
       9 160.017 127.571
      10 4.94066 0
      11 68.2053 55.9606
      12 74.062 55.4077
      13 73.755 55.1503
      14 73.6752 55.0903
      15 73.7132 55.1213
      16 73.7541 55.1684
      17 73.8107 55.2147
      18 73.7945 55.185
      19 73.8288 55.1858
      20 6.6177 0


#node_id rate rate_without_head
       0 7.14163 5.85423
       1 7.39822 5.51288
       2 7.15213 5.31096
       3 6.97836 5.17117
       4 6.90046 5.09584
       5 6.89098 5.09637
       6 268.755 217.944
       7 6.89095 5.09635
       8 6.89089 5.09631
       9 6.8957 5.08073
      10 6.86497 5.04991
      11 6.86831 5.04987
      12 0.720167 0
      13 262.701 215.547
      14 265.157 215.452
      15 265.094 215.402
      16 265.089 215.4
      17 265.12 215.431
      18 265.137 215.447
      19 265.171 215.477
      20 265.18 215.48
      21 264.987 215.295
      22 265.012 215.297
      23 265.063 215.314
      24 2.71954 0


#node_id rate rate_without_head
       0 13.9194 11.4169
       1 15.1421 10.7045
       2 14.7233 10.3609
       3 14.5002 10.1778
       4 14.0586 9.81128
       5 13.8962 9.67393
       6 13.9194 9.69705
       7 254.526 204.97
       8 13.9938 9.76622
       9 14.0041 9.76643
      10 14.0374 9.78956
      11 11.692 8.13647
      12 11.7047 8.13661
      13 11.6412 8.06053
      14 1.83414 0
      15 243.898 200.119
      16 246.87 199.704
      17 246.635 199.51
      18 246.434 199.344
      19 246.163 199.123
      20 246.158 199.119
      21 246.336 199.273
      22 246.371 199.307
      23 246.363 199.293
      24 246.371 199.292
      25 246.373 199.276
      26 246.359 199.248
      27 246.379 199.247
      28 4.96537 0


#node_id rate rate_without_head
       0 34.7927 28.5454
       1 35.2336 28.046
       2 35.033 27.8814
       3 34.8157 27.703
       4 34.6653 27.5797
       5 34.3474 27.3188
       6 34.0965 27.1129
       7 34.0168 27.045
       8 262.959 213.091
       9 33.9979 27.0319
      10 34.0373 27.0618
      11 34.0442 27.0477
      12 34.1037 27.0719
      13 34.0971 27.0443
      14 34.0826 27.0028
      15 34.1149 27.0022
      16 1.24206 0
      17 227.854 186.955
      18 229.754 186.703
      19 229.603 186.574
      20 229.474 186.473
      21 229.271 186.304
      22 229.086 186.152
      23 229.011 186.088
      24 228.989 186.067
      25 229.02 186.086
      26 229.01 186.072
      27 228.997 186.057
      28 229.023 186.071
      29 229.029 186.054
      30 229.06 186.066
      31 229.084 186.062
      32 2.36317 0


#node_id rate rate_without_head
       0 150.808 123.737
       1 155.007 122.088
       2 154.574 121.732
       3 154.284 121.492
       4 154.164 121.393
       5 154.007 121.266
       6 153.814 121.111
       7 153.788 121.084
       8 153.908 121.187
       9 223.58 176.48
      10 153.874 121.162
      11 153.858 121.149
      12 153.912 121.165
      13 153.909 121.152
      14 153.943 121.154
      15 153.967 121.156
      16 154.038 121.186
      17 154.051 121.174
      18 6.43638 0
      19 77.3619 63.4713
      20 79.4704 63.0288
      21 79.3482 62.9286
      22 79.1927 62.8035
      23 79.0531 62.6889
      24 78.9831 62.6315
      25 78.8466 62.517
      26 78.7667 62.4488
      27 78.7692 62.4482
      28 78.7453 62.4338
      29 78.7604 62.4334
      30 78.7599 62.4226
      31 78.7874 62.4222
      32 78.7994 62.4218
      33 78.8144 62.4213
      34 78.8172 62.4107
      35 78.8355 62.4103
      36 2.90434 0


#node_id rate rate_without_head
       0 64.0315 52.5362
       1 65.9993 51.9144
       2 65.7055 51.6733
       3 65.4117 51.4322
       4 65.1526 51.2196
       5 64.8587 50.9784
       6 64.5474 50.723
       7 64.1242 50.368
       8 63.9721 50.2407
       9 63.9921 50.2698
      10 253.338 202.879
      11 64.0237 50.2855
      12 64.0372 50.2863
      13 63.5812 49.9009
      14 63.579 49.8483
      15 63.634 49.863
      16 63.6688 49.8637
      17 63.7017 49.8502
      18 63.7425 49.8507
      19 63.7896 49.8513
      20 3.10738 0
      21 191.849 157.412
      22 194.562 156.793
      23 194.187 156.491
      24 193.701 156.092
      25 193.259 155.729
      26 192.903 155.44
      27 192.465 155.082
      28 191.852 154.575
      29 191.603 154.378
      30 191.588 154.363
      31 187.272 150.824
      32 178.288 143.433
      33 178.364 143.468
      34 178.356 143.412
      35 178.402 143.411
      36 178.456 143.423
      37 178.499 143.418
      38 178.525 143.403
      39 178.601 143.416
      40 4.04778 0


#node_id rate rate_without_head
       0 18.2446 14.9669
       1 19.6469 14.1593
       2 19.2376 13.8234
       3 18.6476 13.3361
       4 18.1318 12.9158
       5 17.8021 12.6301
       6 17.5584 12.4452
       7 17.2996 12.2267
       8 16.9306 11.9265
       9 16.8424 11.86
      10 16.8254 11.8431
      11 251.773 204.366
      12 16.8252 11.8429
      13 16.8455 11.8596
      14 15.6906 11.013
      15 13.8788 9.71811
      16 13.9019 9.73209
      17 13.9095 9.71836
      18 13.911 9.70462
      19 13.9324 9.70474
      20 13.9616 9.71873
      21 13.9752 9.70498
      22 2.17758 0
      23 264.523 217.039
      24 264.923 216.689
      25 264.717 216.52
      26 264.575 216.403
      27 264.406 216.264
      28 264.364 216.232
      29 264.121 216.033
      30 264.074 215.987
      31 263.887 215.833
      32 263.769 215.739
      33 263.704 215.691
      34 263.73 215.701
      35 263.723 215.687
      36 263.689 215.649
      37 263.666 215.608
      38 263.697 215.62
      39 263.68 215.589
      40 237.066 193.807
      41 237.081 193.8
      42 237.102 193.798
      43 237.163 193.809
      44 0.991612 0


#node_id rate rate_without_head
       0 251.086 206.017
       1 251.363 205.563
       2 251.153 205.393
       3 250.932 205.211
       4 250.748 205.058
       5 250.629 204.96
       6 250.477 204.836
       7 250.369 204.752
       8 250.234 204.641
       9 250.013 204.46
      10 249.978 204.431
      11 249.937 204.402
      12 259.213 211.009
      13 249.958 204.427
      14 249.958 204.424
      15 249.959 204.423
      16 249.999 204.436
      17 250.02 204.448
      18 250.024 204.444
      19 249.993 204.402
      20 250.022 204.4
      21 250.044 204.399
      22 250.056 204.384
      23 250.071 204.372
      24 1.03706 0
      25 12.9829 10.6446
      26 13.6176 10.0644
      27 13.1068 9.64798
      28 12.6899 9.30583
      29 12.3455 9.02325
      30 11.9103 8.66612
      31 11.4208 8.26438
      32 11.0614 7.96682
      33 10.7681 7.7288
      34 10.1748 7.23908
      35 10.0806 7.15378
      36 10.0076 7.09392
      37 9.99935 7.07905
      38 10.0307 7.09402
      39 10.0569 7.09402
      40 9.90152 6.94399
      41 9.92898 6.94293
      42 9.9433 6.92827
      43 9.97232 6.92831
      44 9.95262 6.89894
      45 9.98165 6.89898
      46 9.97989 6.88433
      47 9.97812 6.86967
      48 1.60572 0


#node_id rate rate_without_head
       0 256.187 210.203
       1 257.051 209.774
       2 256.748 209.526
       3 256.479 209.305
       4 256.31 209.166
       5 256.071 208.973
       6 255.816 208.763
       7 255.65 208.624
       8 255.464 208.472
       9 255.329 208.361
      10 255.155 208.221
      11 254.986 208.082
      12 254.884 207.999
      13 259.143 210.986
      14 250.316 204.25
      15 250.303 204.235
      16 250.359 204.274
      17 240.566 196.223
      18 240.609 196.247
      19 240.61 196.245
      20 240.604 196.23
      21 240.622 196.242
      22 240.615 196.224
      23 240.605 196.209
      24 240.624 196.221
      25 240.623 196.206
      26 2.65162 0
      27 7.12428 5.84292
      28 7.25926 5.40155
      29 6.99048 5.181
      30 6.70366 4.94564
      31 6.41684 4.71028
      32 6.16588 4.50435
      33 5.91491 4.29841
      34 5.61009 4.04828
      35 5.39177 3.87177
      36 5.14075 3.66579
      37 4.76518 3.35748
      38 4.643 3.25457
      39 4.57095 3.19548
      40 4.51103 3.15804
      41 4.51414 3.15799
      42 4.44156 3.06986
      43 4.42877 3.05663
      44 4.44646 3.07114
      45 4.42883 3.05668
      46 4.42071 3.04221
      47 4.42391 3.04223
      48 4.4271 3.04225
      49 4.43347 3.04227
      50 4.43667 3.04229
      51 4.44303 3.0423
      52 0.735228 0


#node_id rate rate_without_head
       0 208.075 170.721
       1 502.581 349.968
       2 36.9737 0
       3 218.832 179.547
       4 39.153 0


#node_id rate rate_without_head
       0 96.2232 78.945
       1 113.918 79.3671
       2 222.266 155.634
       3 114.049 79.4584
       4 17.1731 0
       5 92.1669 75.6165
       6 108.847 76.1959
       7 109.022 76.3754
       8 15.9315 0


#node_id rate rate_without_head
       0 42.3502 34.7414
       1 47.0599 32.7878
       2 47.2034 32.9255
       3 180.924 126.541
       4 47.0923 32.8609
       5 47.4634 33.157
       6 7.2898 0
       7 115.235 94.5443
       8 133.92 93.2382
       9 134.051 93.3677
      10 134.703 93.9816
      11 134.865 94.0687
      12 20.4636 0


#node_id rate rate_without_head
       0 101.311 83.1194
       1 112.06 79.0829
       2 111.341 78.5073
       3 111.348 78.5569
       4 168.277 119.017
       5 111.445 78.6747
       6 111.692 78.8651
       7 111.95 78.774
       8 16.7514 0
       9 70.3221 57.6908
      10 71.853 50.8996
      11 69.9028 49.2433
      12 70.3209 49.6604
      13 70.8637 50.2353
      14 70.7688 50.1459
      15 70.9588 49.9547
      16 10.7984 0


#node_id rate rate_without_head
       0 57.2636 46.9779
       1 63.1614 44.5792
       2 59.9629 41.9463
       3 59.1302 41.2247
       4 59.3606 41.4821
       5 148.145 103.557
       6 59.695 41.7406
       7 59.9887 42.0033
       8 59.6 41.6975
       9 59.5535 41.4541
      10 9.21595 0
      11 84.1862 69.0609
      12 93.6719 65.865
      13 90.2499 63.0418
      14 89.4542 62.3872
      15 89.5371 62.4703
      16 90.1002 62.9759
      17 90.3856 63.2694
      18 90.5165 63.2718
      19 90.5989 63.1076
      20 13.9426 0


#node_id rate rate_without_head
       0 63.5551 52.1404
       1 66.5103 47.7438
       2 63.8877 45.5915
       3 58.7598 41.362
       4 57.5097 40.2906
       5 57.5597 40.3695
       6 160.012 113.438
       7 57.8504 40.6223
       8 58.4369 41.1627
       9 58.4787 41.0782
      10 58.7987 41.0359
      11 58.6185 40.715
      12 9.23326 0
      13 102.698 84.2575
      14 111.831 80.3847
      15 108.559 77.6913
      16 104.784 74.526
      17 103.239 73.278
      18 103.674 73.7033
      19 104.12 74.1741
      20 104.311 74.3456
      21 110.743 78.6938
      22 104.108 73.607
      23 104.528 73.5678
      24 15.5817 0


#node_id rate rate_without_head
       0 51.0104 41.8315
       1 53.9621 39.1649
       2 51.5019 37.1455
       3 49.6161 35.5976
       4 46.052 32.6465
       5 47.8241 33.7595
       6 47.9017 33.8215
       7 161.449 116.781
       8 48.3774 34.3002
       9 48.5291 34.4409
      10 49.7812 35.2518
      11 49.7154 34.9275
      12 49.914 34.93
      13 49.8159 34.6974
      14 7.79598 0
      15 120.168 98.5921
      16 128.572 94.6281
      17 125.6 92.1957
      18 122.9 89.9709
      19 119.567 87.2115
      20 117.931 85.8528
      21 117.604 85.6262
      22 100.86 71.9372
      23 101.637 72.4591
      24 98.6543 70.0611
      25 99.0706 70.1425
      26 99.0391 69.9755
      27 99.0826 69.8608
      28 14.732 0


#node_id rate rate_without_head
       0 64.0531 52.5223
       1 66.843 48.5626
       2 63.9774 46.2026
       3 61.2843 43.9841
       4 59.1094 42.1909
       5 56.2203 39.7052
       6 55.6959 39.1713
       7 55.5259 39.0755
       8 172.856 125.415
       9 55.981 39.4744
      10 56.2415 39.723
      11 56.276 39.6273
      12 56.6627 39.6794
      13 56.6639 39.4857
      14 56.72 39.3901
      15 56.7654 39.2944
      16 8.9943 0
      17 133.266 109.338
      18 138.553 102.554
      19 134.736 99.407
      20 131.751 96.9645
      21 129.376 94.9784
      22 125.883 92.1127
      23 124.983 91.4113
      24 125.043 91.4974
      25 125.38 91.8774
      26 125.982 92.2958
      27 126.072 92.2576
      28 126.755 92.1716
      29 127.443 92.3344
      30 128.044 92.38
      31 128.8 92.3003
      32 17.5065 0


#node_id rate rate_without_head
       0 50.4162 41.3512
       1 52.0057 39.35
       2 49.5316 37.3199
       3 46.7886 35.069
       4 44.6373 33.3037
       5 42.2454 31.3172
       6 37.6517 27.5637
       7 36.3803 26.5046
       8 36.397 26.5499
       9 193.569 146.604
      10 36.876 26.9505
      11 37.2503 27.305
      12 37.1277 27.0853
      13 37.4563 26.9979
      14 37.5767 26.8665
      15 37.9219 26.9117
      16 37.8653 26.6034
      17 37.9041 26.516
      18 5.84894 0
      19 166.422 136.544
      20 172.933 132.464
      21 170 130.034
      22 167.528 128.012
      23 165.204 126.119
      24 163.172 124.466
      25 159.861 121.758
      26 158.537 120.674
      27 158.871 121.045
      28 158.666 120.915
      29 158.763 120.913
      30 159.098 120.994
      31 159.895 121.157
      32 160.166 121.03
      33 160.873 121.193
      34 161.28 121.066
      35 161.967 121.063
      36 15.488 0


#node_id rate rate_without_head
       0 52.8662 43.3615
       1 54.1992 40.5831
       2 51.7736 38.5929
       3 49.2939 36.5584
       4 47.2999 34.9295
       5 45.259 33.2543
       6 43.5312 31.844
       7 40.2805 29.1591
       8 38.7735 27.889
       9 38.8222 27.9435
      10 203.645 155.837
      11 39.1904 28.3008
      12 39.7174 28.7485
      13 39.7716 28.7053
      14 40.0977 28.5749
      15 40.2183 28.4432
      16 40.5993 28.5329
      17 40.7269 28.534
      18 40.8643 28.5352
      19 40.8977 28.4034
      20 6.43647 0
      21 174.401 143.09
      22 180.287 140.096
      23 177.783 138.042
      24 175.487 136.151
      25 173.475 134.469
      26 172.061 133.347
      27 170.455 132.059
      28 167.337 129.485
      29 166.013 128.383
      30 166.088 128.505
      31 166.661 128.997
      32 167.014 129.226
      33 167.197 129.265
      34 167.187 128.848
      35 167.478 128.803
      36 168.016 128.925
      37 168.275 128.778
      38 168.839 128.817
      39 169.439 128.773
      40 13.5218 0


#node_id rate rate_without_head
       0 58.3532 47.8719
       1 59.8158 44.4274
       2 57.289 42.3539
       3 54.7619 40.2802
       4 52.0794 38.0791
       5 49.8657 36.2169
       6 47.6012 34.3966
       7 45.5234 32.6612
       8 41.9867 29.7819
       9 40.34 28.385
      10 40.1682 28.259
      11 158.964 117.258
      12 40.3348 28.433
      13 40.6352 28.7199
      14 40.6356 28.6362
      15 41.0151 28.7646
      16 41.0194 28.6385
      17 41.0329 28.5124
      18 41.2493 28.5983
      19 41.0614 28.3449
      20 41.2367 28.4733
      21 41.1295 28.3471
      22 6.63749 0
      23 135.145 110.881
      24 140.41 106.369
      25 136.995 103.552
      26 133.595 100.777
      27 130.328 98.1259
      28 128.227 96.3868
      29 126.306 94.8551
      30 124.021 92.9502
      31 120.629 90.1739
      32 119.246 89.0162
      33 118.991 88.8139
      34 118.148 88.2034
      35 118.685 88.5634
      36 119 88.6429
      37 119.132 88.3293
      38 119.414 88.2857
      39 119.727 88.2199
      40 118.53 86.9822
      41 118.923 86.9245
      42 119.272 86.8365
      43 119.876 86.8761
      44 14.7851 0


#node_id rate rate_without_head
       0 57.2536 46.9685
       1 59.455 44.5763
       2 56.6728 42.2755
       3 54.3452 40.3654
       4 52.4141 38.7983
       5 50.6721 37.3775
       6 48.772 35.8094
       7 47.1003 34.4376
       8 45.0698 32.7713
       9 42.3319 30.5159
      10 40.7237 29.1433
      11 40.6719 29.1446
      12 184.135 140.947
      13 40.7567 29.1963
      14 40.846 29.2958
      15 41.4078 29.7389
      16 41.6583 29.7939
      17 41.6907 29.6969
      18 41.9072 29.6981
      19 42.1362 29.7977
      20 42.3972 29.8971
      21 42.3853 29.7021
      22 42.4732 29.7035
      23 42.5548 29.6557
      24 6.58414 0
      25 165.351 135.665
      26 170.021 132.756
      27 167.085 130.347
      28 164.341 128.103
      29 161.842 126.068
      30 159.8 124.384
      31 157.664 122.639
      32 155.251 120.644
      33 152.77 118.608
      34 150.371 116.632
      35 149.513 115.966
      36 149.608 116.088
      37 149.312 115.896
      38 149.382 115.894
      39 149.414 115.809
      40 147.89 114.406
      41 147.959 114.278
      42 148.118 114.21
      43 148.345 114.205
      44 148.632 114.242
      45 148.794 114.155
      46 148.963 114.087
      47 149.017 113.837
      48 10.7188 0


#node_id rate rate_without_head
       0 45.5772 37.3891
       1 45.501 35.1832
       2 43.0179 33.1452
       3 40.6529 31.1961
       4 38.2413 29.2256
       5 36.0723 27.438
       6 34.3026 25.993
       7 32.5901 24.5876
       8 30.9713 23.2669
       9 29.3109 21.9041
      10 25.8945 19.1063
      11 24.2511 17.6964
      12 24.594 18.0391
      13 193.304 148.623
      14 24.6235 18.0858
      15 24.8382 18.3003
      16 24.7655 18.055
      17 24.9566 17.9276
      18 25.1406 17.971
      19 25.1777 17.8861
      20 25.2187 17.7584
      21 25.3267 17.7162
      22 25.4066 17.6742
      23 25.425 17.5893
      24 25.4487 17.5471
      25 25.4296 17.4622
      26 4.22275 0
      27 180.714 148.271
      28 186.912 145.177
      29 184.168 142.933
      30 182.002 141.17
      31 180.141 139.673
      32 177.912 137.844
      33 176.253 136.513
      34 174.406 134.975
      35 173.207 134.004
      36 171.971 133.005
      37 169.891 131.299
      38 168.945 130.508
      39 169.356 130.92
      40 166.596 128.746
      41 167.118 129.028
      42 167.132 128.9
      43 167.225 128.711
      44 167.555 128.746
      45 167.799 128.741
      46 168.156 128.777
      47 168.326 128.673
      48 168.883 128.873
      49 169.149 128.827
      50 169.416 128.781
      51 169.707 128.653
      52 13.8092 0


#node_id rate rate_without_head
       0 208.075 170.721
       1 502.581 349.968
       2 36.9737 0
       3 218.832 179.547
       4 39.153 0


#node_id rate rate_without_head
       0 96.2232 78.945
       1 113.918 79.3671
       2 222.266 155.634
       3 114.049 79.4584
       4 17.1731 0
       5 92.1669 75.6165
       6 108.847 76.1959
       7 109.022 76.3754
       8 15.9315 0


#node_id rate rate_without_head
       0 42.3502 34.7414
       1 47.0599 32.7878
       2 47.2034 32.9255
       3 180.924 126.541
       4 47.0923 32.8609
       5 47.4634 33.157
       6 7.2898 0
       7 115.235 94.5443
       8 133.92 93.2382
       9 134.051 93.3677
      10 134.703 93.9816
      11 134.865 94.0687
      12 20.4636 0


#node_id rate rate_without_head
       0 101.311 83.1194
       1 112.06 79.0829
       2 111.341 78.5073
       3 111.348 78.5569
       4 168.277 119.017
       5 111.445 78.6747
       6 111.692 78.8651
       7 111.95 78.774
       8 16.7514 0
       9 70.3221 57.6908
      10 71.853 50.8996
      11 69.9028 49.2433
      12 70.3209 49.6604
      13 70.8637 50.2353
      14 70.7688 50.1459
      15 70.9588 49.9547
      16 10.7984 0


#node_id rate rate_without_head
       0 57.2636 46.9779
       1 63.1614 44.5792
       2 59.9629 41.9463
       3 59.1302 41.2247
       4 59.3606 41.4821
       5 148.145 103.557
       6 59.695 41.7406
       7 59.9887 42.0033
       8 59.6 41.6975
       9 59.5535 41.4541
      10 9.21595 0
      11 84.1862 69.0609
      12 93.6719 65.865
      13 90.2499 63.0418
      14 89.4542 62.3872
      15 89.5371 62.4703
      16 90.1002 62.9759
      17 90.3856 63.2694
      18 90.5165 63.2718
      19 90.5989 63.1076
      20 13.9426 0


#node_id rate rate_without_head
       0 63.5551 52.1404
       1 66.5103 47.7438
       2 63.8877 45.5915
       3 58.7598 41.362
       4 57.5097 40.2906
       5 57.5597 40.3695
       6 160.012 113.438
       7 57.8504 40.6223
       8 58.4369 41.1627
       9 58.4787 41.0782
      10 58.7987 41.0359
      11 58.6185 40.715
      12 9.23326 0
      13 102.698 84.2575
      14 111.831 80.3847
      15 108.559 77.6913
      16 104.784 74.526
      17 103.239 73.278
      18 103.674 73.7033
      19 104.12 74.1741
      20 104.311 74.3456
      21 110.743 78.6938
      22 104.108 73.607
      23 104.528 73.5678
      24 15.5817 0


#node_id rate rate_without_head
       0 51.0104 41.8315
       1 53.9621 39.1649
       2 51.5019 37.1455
       3 49.6161 35.5976
       4 46.052 32.6465
       5 47.8241 33.7595
       6 47.9017 33.8215
       7 161.449 116.781
       8 48.3774 34.3002
       9 48.5291 34.4409
      10 49.7812 35.2518
      11 49.7154 34.9275
      12 49.914 34.93
      13 49.8159 34.6974
      14 7.79598 0
      15 120.168 98.5921
      16 128.572 94.6281
      17 125.6 92.1957
      18 122.9 89.9709
      19 119.567 87.2115
      20 117.931 85.8528
      21 117.604 85.6262
      22 100.86 71.9372
      23 101.637 72.4591
      24 98.6543 70.0611
      25 99.0706 70.1425
      26 99.0391 69.9755
      27 99.0826 69.8608
      28 14.732 0


#node_id rate rate_without_head
       0 64.0531 52.5223
       1 66.843 48.5626
       2 63.9774 46.2026
       3 61.2843 43.9841
       4 59.1094 42.1909
       5 56.2203 39.7052
       6 55.6959 39.1713
       7 55.5259 39.0755
       8 172.856 125.415
       9 55.981 39.4744
      10 56.2415 39.723
      11 56.276 39.6273
      12 56.6627 39.6794
      13 56.6639 39.4857
      14 56.72 39.3901
      15 56.7654 39.2944
      16 8.9943 0
      17 133.266 109.338
      18 138.553 102.554
      19 134.736 99.407
      20 131.751 96.9645
      21 129.376 94.9784
      22 125.883 92.1127
      23 124.983 91.4113
      24 125.043 91.4974
      25 125.38 91.8774
      26 125.982 92.2958
      27 126.072 92.2576
      28 126.755 92.1716
      29 127.443 92.3344
      30 128.044 92.38
      31 128.8 92.3003
      32 17.5065 0


#node_id rate rate_without_head
       0 50.4162 41.3512
       1 52.0057 39.35
       2 49.5316 37.3199
       3 46.7886 35.069
       4 44.6373 33.3037
       5 42.2454 31.3172
       6 37.6517 27.5637
       7 36.3803 26.5046
       8 36.397 26.5499
       9 193.569 146.604
      10 36.876 26.9505
      11 37.2503 27.305
      12 37.1277 27.0853
      13 37.4563 26.9979
      14 37.5767 26.8665
      15 37.9219 26.9117
      16 37.8653 26.6034
      17 37.9041 26.516
      18 5.84894 0
      19 166.422 136.544
      20 172.933 132.464
      21 170 130.034
      22 167.528 128.012
      23 165.204 126.119
      24 163.172 124.466
      25 159.861 121.758
      26 158.537 120.674
      27 158.871 121.045
      28 158.666 120.915
      29 158.763 120.913
      30 159.098 120.994
      31 159.895 121.157
      32 160.166 121.03
      33 160.873 121.193
      34 161.28 121.066
      35 161.967 121.063
      36 15.488 0


#node_id rate rate_without_head
       0 52.8662 43.3615
       1 54.1992 40.5831
       2 51.7736 38.5929
       3 49.2939 36.5584
       4 47.2999 34.9295
       5 45.259 33.2543
       6 43.5312 31.844
       7 40.2805 29.1591
       8 38.7735 27.889
       9 38.8222 27.9435
      10 203.645 155.837
      11 39.1904 28.3008
      12 39.7174 28.7485
      13 39.7716 28.7053
      14 40.0977 28.5749
      15 40.2183 28.4432
      16 40.5993 28.5329
      17 40.7269 28.534
      18 40.8643 28.5352
      19 40.8977 28.4034
      20 6.43647 0
      21 174.401 143.09
      22 180.287 140.096
      23 177.783 138.042
      24 175.487 136.151
      25 173.475 134.469
      26 172.061 133.347
      27 170.455 132.059
      28 167.337 129.485
      29 166.013 128.383
      30 166.088 128.505
      31 166.661 128.997
      32 167.014 129.226
      33 167.197 129.265
      34 167.187 128.848
      35 167.478 128.803
      36 168.016 128.925
      37 168.275 128.778
      38 168.839 128.817
      39 169.439 128.773
      40 13.5218 0


#node_id rate rate_without_head
       0 58.3532 47.8719
       1 59.8158 44.4274
       2 57.289 42.3539
       3 54.7619 40.2802
       4 52.0794 38.0791
       5 49.8657 36.2169
       6 47.6012 34.3966
       7 45.5234 32.6612
       8 41.9867 29.7819
       9 40.34 28.385
      10 40.1682 28.259
      11 158.964 117.258
      12 40.3348 28.433
      13 40.6352 28.7199
      14 40.6356 28.6362
      15 41.0151 28.7646
      16 41.0194 28.6385
      17 41.0329 28.5124
      18 41.2493 28.5983
      19 41.0614 28.3449
      20 41.2367 28.4733
      21 41.1295 28.3471
      22 6.63749 0
      23 135.145 110.881
      24 140.41 106.369
      25 136.995 103.552
      26 133.595 100.777
      27 130.328 98.1259
      28 128.227 96.3868
      29 126.306 94.8551
      30 124.021 92.9502
      31 120.629 90.1739
      32 119.246 89.0162
      33 118.991 88.8139
      34 118.148 88.2034
      35 118.685 88.5634
      36 119 88.6429
      37 119.132 88.3293
      38 119.414 88.2857
      39 119.727 88.2199
      40 118.53 86.9822
      41 118.923 86.9245
      42 119.272 86.8365
      43 119.876 86.8761
      44 14.7851 0


#node_id rate rate_without_head
       0 57.2536 46.9685
       1 59.455 44.5763
       2 56.6728 42.2755
       3 54.3452 40.3654
       4 52.4141 38.7983
       5 50.6721 37.3775
       6 48.772 35.8094
       7 47.1003 34.4376
       8 45.0698 32.7713
       9 42.3319 30.5159
      10 40.7237 29.1433
      11 40.6719 29.1446
      12 184.135 140.947
      13 40.7567 29.1963
      14 40.846 29.2958
      15 41.4078 29.7389
      16 41.6583 29.7939
      17 41.6907 29.6969
      18 41.9072 29.6981
      19 42.1362 29.7977
      20 42.3972 29.8971
      21 42.3853 29.7021
      22 42.4732 29.7035
      23 42.5548 29.6557
      24 6.58414 0
      25 165.351 135.665
      26 170.021 132.756
      27 167.085 130.347
      28 164.341 128.103
      29 161.842 126.068
      30 159.8 124.384
      31 157.664 122.639
      32 155.251 120.644
      33 152.77 118.608
      34 150.371 116.632
      35 149.513 115.966
      36 149.608 116.088
      37 149.312 115.896
      38 149.382 115.894
      39 149.414 115.809
      40 147.89 114.406
      41 147.959 114.278
      42 148.118 114.21
      43 148.345 114.205
      44 148.632 114.242
      45 148.794 114.155
      46 148.963 114.087
      47 149.017 113.837
      48 10.7188 0


#node_id rate rate_without_head
       0 45.5772 37.3891
       1 45.501 35.1832
       2 43.0179 33.1452
       3 40.6529 31.1961
       4 38.2413 29.2256
       5 36.0723 27.438
       6 34.3026 25.993
       7 32.5901 24.5876
       8 30.9713 23.2669
       9 29.3109 21.9041
      10 25.8945 19.1063
      11 24.2511 17.6964
      12 24.594 18.0391
      13 193.304 148.623
      14 24.6235 18.0858
      15 24.8382 18.3003
      16 24.7655 18.055
      17 24.9566 17.9276
      18 25.1406 17.971
      19 25.1777 17.8861
      20 25.2187 17.7584
      21 25.3267 17.7162
      22 25.4066 17.6742
      23 25.425 17.5893
      24 25.4487 17.5471
      25 25.4296 17.4622
      26 4.22275 0
      27 180.714 148.271
      28 186.912 145.177
      29 184.168 142.933
      30 182.002 141.17
      31 180.141 139.673
      32 177.912 137.844
      33 176.253 136.513
      34 174.406 134.975
      35 173.207 134.004
      36 171.971 133.005
      37 169.891 131.299
      38 168.945 130.508
      39 169.356 130.92
      40 166.596 128.746
      41 167.118 129.028
      42 167.132 128.9
      43 167.225 128.711
      44 167.555 128.746
      45 167.799 128.741
      46 168.156 128.777
      47 168.326 128.673
      48 168.883 128.873
      49 169.149 128.827
      50 169.416 128.781
      51 169.707 128.653
      52 13.8092 0


