2016年 06月 05日 星期日 17:08:51 CST
--- Simulation sequence:2 ---
#node_id rate rate_without_head
       0 289.008 237.132
       1 284.445 233.388
       2 51.8743 0
       3 51.0522 0


--- Simulation sequence:3 ---
#node_id rate rate_without_head
       0 136.143 111.705
       1 137.726 113.003
       2 160.549 111.688
       3 162.429 112.996
       4 24.4297 0
       5 24.7157 0


--- Simulation sequence:4 ---
#node_id rate rate_without_head
       0 176.114 144.501
       1 739.68 0
       2 207.664 144.478
       3 739.68 0
       4 207.656 144.469
       5 505.643 0
       6 31.5975 0
       7 -0 -0


--- Simulation sequence:5 ---
#node_id rate rate_without_head
       0 102.412 83.6392
       1 38.4419 30.7293
       2 115.239 80.5688
       3 43.0019 30.0809
       4 111.569 77.9724
       5 45.6247 31.912
       6 109.211 76.3108
       7 46.3072 32.3522
       8 19.5504 1.56215
       9 16.1847 7.61424


--- Simulation sequence:6 ---
#node_id rate rate_without_head
       0 75.8597 61.7715
       1 45.4331 36.7532
       2 86.0395 60.2831
       3 54.2228 38.1192
       4 82.4822 57.7446
       5 54.9585 38.6397
       6 81.5519 57.0785
       7 56.1691 39.4203
       8 80.2996 56.1171
       9 57.3549 40.2307
      10 17.2293 3.33039
      11 17.0807 7.11471


--- Simulation sequence:7 ---
#node_id rate rate_without_head
       0 37.4731 29.7298
       1 73.1774 59.8216
       2 42.2122 29.8238
       3 79.8592 56.0068
       4 41.3084 29.1955
       5 81.1771 56.9131
       6 39.5936 27.9055
       7 78.4094 54.896
       8 41.2404 28.9906
       9 81.1678 56.9025
      10 39.6574 27.7619
      11 80.7946 56.547
      12 13.6852 6.13803
      13 16.4339 2.79587


--- Simulation sequence:8 ---
#node_id rate rate_without_head
       0 44.2115 35.4757
       1 58.7848 47.4409
       2 47.3947 33.2678
       3 64.7186 45.3095
       4 49.6563 34.9381
       5 62.9233 44.0584
       6 50.4045 35.2635
       7 58.6563 40.9629
       8 49.0562 34.3251
       9 57.7291 40.3721
      10 48.3882 33.8336
      11 63.5849 44.4073
      12 47.7829 33.3673
      13 65.7383 45.8558
      14 12.8891 4.46979
      15 13.7954 3.2865


--- Simulation sequence:9 ---
#node_id rate rate_without_head
       0 52.0151 42.0942
       1 35.1601 27.538
       2 49.1486 34.4812
       3 38.1814 26.9725
       4 48.904 34.194
       5 38.3161 27.0513
       6 48.1683 33.5481
       7 37.9959 26.5655
       8 46.8548 32.7515
       9 37.6678 26.3402
      10 46.9946 32.9031
      11 37.5059 26.2296
      12 48.7662 33.962
      13 36.1932 25.3354
      14 53.5534 37.2336
      15 36.364 25.4332
      16 11.7058 2.46031
      17 12.0867 5.66105


--- Simulation sequence:10 ---
#node_id rate rate_without_head
       0 32.5835 25.8268
       1 40.9999 32.7331
       2 31.5622 22.071
       3 39.6796 28.0037
       4 30.0471 20.9734
       5 39.5251 27.8915
       6 28.4193 19.7365
       7 42.3294 29.5792
       8 27.2797 18.7811
       9 41.1606 28.3458
      10 29.1651 20.3847
      11 39.6216 27.67
      12 30.6025 21.3158
      13 37.6944 26.2495
      14 30.5655 21.288
      15 37.1926 25.9211
      16 32.5949 22.6664
      17 39.6375 27.5802
      18 10.6233 4.4013
      19 12.3017 4.7841


--- Simulation sequence:11 ---
#node_id rate rate_without_head
       0 44.5935 35.8584
       1 40.4489 32.4705
       2 46.2288 32.4565
       3 42.236 29.6986
       4 46.1374 32.3485
       5 43.5388 30.5507
       6 44.0916 30.8363
       7 44.0825 30.906
       8 43.4274 30.2419
       9 43.5755 30.5346
      10 45.671 31.8888
      11 42.1694 29.5668
      12 46.8344 32.7386
      13 39.8516 27.8939
      14 47.6117 33.2688
      15 39.9303 27.9194
      16 45.2054 31.5379
      17 38.0918 26.5758
      18 46.1558 32.1337
      19 40.054 27.8907
      20 12.2515 3.94916
      21 11.3659 3.8376


--- Simulation sequence:12 ---
#node_id rate rate_without_head
       0 38.8304 31.1309
       1 42.7567 34.0734
       2 39.7504 27.9042
       3 46.3016 32.6168
       4 42.5088 29.9814
       5 43.1311 30.4342
       6 42.1622 29.482
       7 38.527 26.9913
       8 44.069 30.7574
       9 38.2642 26.7167
      10 42.9878 29.9298
      11 36.4381 25.3608
      12 41.5833 29.1016
      13 38.8436 27.0824
      14 39.222 27.3646
      15 42.6689 29.7393
      16 38.0187 26.4876
      17 42.3833 29.5323
      18 39.6707 27.6055
      19 42.1078 29.284
      20 37.8985 26.4226
      21 39.4056 27.4105
      22 12.8906 5.03216
      23 13.2473 5.21088


--- Simulation sequence:13 ---
#node_id rate rate_without_head
       0 34.6885 27.4959
       1 50.5473 40.5174
       2 32.3702 22.7666
       3 50.7131 35.6251
       4 32.2803 22.7395
       5 49.5764 34.8044
       6 34.0426 23.809
       7 49.8299 34.8331
       8 35.4023 24.7278
       9 51.077 35.7766
      10 34.5024 23.9057
      11 48.7788 34.1547
      12 36.3919 25.3453
      13 47.8684 33.5454
      14 34.9966 24.5475
      15 46.4719 32.6075
      16 34.8384 24.5162
      17 47.1488 32.9945
      18 35.8414 25.0756
      19 47.5562 33.1057
      20 34.0472 23.7765
      21 46.5543 32.4024
      22 36.9452 25.7478
      23 50.8724 35.3979
      24 12.0657 5.25595
      25 12.9513 3.97567


--- Simulation sequence:14 ---
#node_id rate rate_without_head
       0 30.5981 24.1971
       1 35.2916 28.3597
       2 31.6361 22.3197
       3 37.1383 26.2552
       4 27.7389 19.482
       5 39.6044 28.0939
       6 24.0739 16.5448
       7 42.5079 29.8777
       8 21.1742 14.6671
       9 41.9682 29.4793
      10 26.8813 18.6707
      11 42.4511 29.8319
      12 25.9694 18.0238
      13 38.2243 26.7506
      14 28.554 19.9619
      15 37.5023 26.139
      16 30.0924 21.0364
      17 32.2418 22.5027
      18 30.8938 21.6002
      19 31.3056 21.841
      20 32.0217 22.3659
      21 36.2824 25.2862
      22 31.6886 22.0777
      23 36.9022 25.6945
      24 29.6179 20.608
      25 35.2641 24.5422
      26 6.954 2.08831
      27 8.56217 2.34179


--- Simulation sequence:15 ---
#node_id rate rate_without_head
       0 33.7802 27.006
       1 37.4926 29.9979
       2 35.8785 25.2906
       3 36.547 25.7307
       4 36.6908 25.718
       5 36.3763 25.5827
       6 34.6201 24.2567
       7 34.6471 24.3485
       8 38.1029 26.6524
       9 34.2405 24.1074
      10 37.2887 25.8837
      11 33.7376 23.719
      12 34.6225 24.0873
      13 36.7324 25.6704
      14 35.2163 24.5942
      15 40.1968 28.033
      16 33.0807 23.1003
      17 40.6909 28.397
      18 34.9365 24.4377
      19 39.68 27.672
      20 31.6251 22.0833
      21 39.8837 27.7987
      22 30.2306 21.0046
      23 39.6902 27.6298
      24 30.2435 21.0043
      25 40.4355 28.1438
      26 30.133 20.9099
      27 43.3586 30.1437
      28 7.21576 1.74366
      29 11.8659 4.56689


--- Simulation sequence:16 ---
#node_id rate rate_without_head
       0 32.2888 25.8122
       1 31.4598 25.4194
       2 33.8429 23.9637
       3 31.9071 22.5516
       4 31.06 21.8108
       5 32.1676 22.7454
       6 29.3176 20.4803
       7 35.7325 25.2028
       8 29.9108 20.8513
       9 35.851 25.2683
      10 27.1527 18.8096
      11 32.2746 22.7462
      12 28.6172 19.8909
      13 32.5466 22.9845
      14 30.5111 21.221
      15 32.3984 22.7835
      16 29.5683 20.5359
      17 32.4644 22.8401
      18 30.0292 20.8794
      19 32.7705 23.1186
      20 29.5472 20.6193
      21 31.2205 21.9934
      22 31.6731 22.1003
      23 31.9158 22.3461
      24 31.985 22.2651
      25 28.6325 19.9993
      26 32.6168 22.6605
      27 28.3762 19.7505
      28 31.5216 21.9827
      29 28.4323 19.7621
      30 12.2172 5.61354
      31 9.68557 3.45549


--- Simulation sequence:17 ---
#node_id rate rate_without_head
       0 34.5896 27.3649
       1 26.65 21.2785
       2 37.5569 26.9932
       3 21.2647 14.7569
       4 36.152 25.9636
       5 19.3349 13.3173
       6 37.0909 26.6355
       7 18.5677 12.7065
       8 38.0777 27.2113
       9 18.2559 12.3593
      10 36.4807 26.1129
      11 16.7937 11.3652
      12 36.7478 26.044
      13 16.2177 11.1032
      14 36.3854 25.5789
      15 19.4291 13.5474
      16 34.7841 24.4378
      17 22.2522 15.6826
      18 33.2994 23.4195
      19 23.2988 16.4702
      20 32.4804 22.8541
      21 24.0681 16.9217
      22 32.2971 22.6729
      23 21.4324 14.9873
      24 32.9782 23.1404
      25 19.5375 13.6607
      26 34.7082 24.2679
      27 23.0862 16.1101
      28 32.5032 22.7349
      29 28.4867 19.8524
      30 28.3526 19.7656
      31 29.1509 20.2914
      32 6.49625 1.74039
      33 7.24087 2.3692


--- Simulation sequence:18 ---
#node_id rate rate_without_head
       0 27.2963 21.1782
       1 32.145 26.0063
       2 33.4584 23.7243
       3 28.7898 20.4065
       4 33.6293 23.7796
       5 27.4994 19.3429
       6 27.9444 19.5772
       7 28.2748 19.7652
       8 25.3415 17.7578
       9 29.6295 20.8141
      10 26.5249 18.4775
      11 30.3066 21.2595
      12 29.6898 20.7173
      13 28.6856 20.0999
      14 29.8277 20.8979
      15 26.3138 18.4223
      16 28.4816 19.8959
      17 27.5569 19.1764
      18 29.8708 20.8834
      19 28.6981 20.0247
      20 30.0569 21.0362
      21 28.8124 20.1357
      22 27.3561 19.1298
      23 30.8668 21.5691
      24 26.5772 18.5923
      25 32.1116 22.4098
      26 25.6306 17.9381
      27 31.1221 21.7194
      28 26.0397 18.1612
      29 30.9514 21.5398
      30 24.3183 16.9637
      31 29.8544 20.7557
      32 23.7389 16.5183
      33 34.668 24.1022
      34 8.41952 3.78843
      35 11.2911 4.40143


--- Simulation sequence:19 ---
#node_id rate rate_without_head
       0 19.2678 15.6153
       1 37.8331 30.4457
       2 22.0546 15.7538
       3 45.7852 32.5195
       4 18.5339 13.0516
       5 40.3646 28.4975
       6 18.8028 13.2517
       7 40.3337 28.4971
       8 19.3067 13.6612
       9 42.8773 30.3826
      10 18.1586 12.7699
      11 44.1716 31.1423
      12 16.1274 11.2837
      13 43.5071 30.6672
      14 15.5161 10.8735
      15 43.8825 30.8902
      16 19.628 13.8331
      17 43.9299 30.8339
      18 21.9199 15.4619
      19 39.72 27.8883
      20 22.5692 15.9287
      21 40.0553 28.1811
      22 21.6551 15.2405
      23 38.0704 26.7112
      24 21.9501 15.454
      25 36.1202 25.246
      26 24.597 17.3027
      27 37.529 26.1525
      28 24.5298 17.2323
      29 35.8853 25.0071
      30 26.4638 18.5413
      31 37.5533 26.1463
      32 27.3371 19.0949
      33 35.7981 24.914
      34 28.6053 19.9469
      35 39.164 27.238
      36 7.31411 3.02194
      37 8.21438 1.70688


--- Simulation sequence:20 ---
#node_id rate rate_without_head
       0 23.5685 18.8661
       1 24.9132 19.9964
       2 25.438 18.118
       3 26.4128 18.7638
       4 24.8581 17.6707
       5 27.4867 19.6722
       6 22.3063 15.6045
       7 27.2127 19.4103
       8 23.2682 16.3623
       9 27.714 19.7129
      10 23.201 16.2518
      11 25.8033 18.3804
      12 24.9437 17.4451
      13 25.6239 18.1586
      14 23.8158 16.6815
      15 26.6423 18.9071
      16 22.7308 15.8825
      17 26.0428 18.4774
      18 22.3593 15.605
      19 27.892 19.7111
      20 19.3886 13.5089
      21 28.8843 20.4457
      22 20.4372 14.12
      23 28.588 20.2101
      24 21.1451 14.7033
      25 28.6214 20.4315
      26 20.3774 14.0509
      27 28.3181 20.0708
      28 21.1969 14.676
      29 28.3297 20.043
      30 21.5037 14.9168
      31 27.2022 19.2249
      32 21.9733 15.2181
      33 27.7633 19.5435
      34 21.0732 14.5519
      35 27.0198 19.0072
      36 23.4731 16.2044
      37 29.0593 20.3922
      38 8.02248 3.13818
      39 10.11 4.48851


