#       flow   flowType   src   dst            time         throughput

           1        tcp     1     3               2                  0
           1        tcp     1     3         39.1102                  0
           1        tcp     1     3         40.1102            0.10473
           1        tcp     1     3         40.4567            47.2909
           1        tcp     1     3         40.6654            117.732
           1        tcp     1     3         40.8694            140.594
           1        tcp     1     3         41.0946            163.705
           1        tcp     1     3         41.2966            121.625
           1        tcp     1     3         41.6772            43.0534
           1        tcp     1     3         41.8899            134.771
           1        tcp     1     3          42.249            45.6337
           1        tcp     1     3         42.6563            30.1689
           1        tcp     1     3         42.8795            128.413
           1        tcp     1     3          43.088            176.854
           1        tcp     1     3         43.2949             178.15
           1        tcp     1     3         43.5027            137.998
           1        tcp     1     3         45.4642            12.5292
           1        tcp     1     3         45.7147            16.3491
           1        tcp     1     3         45.9767            31.2715
           1        tcp     1     3         46.2147            34.4218
           1        tcp     1     3         46.4427            53.8959
           1        tcp     1     3         46.6523            117.229
           1        tcp     1     3         46.8855            105.399
           1        tcp     1     3         47.1663            43.7498
           1        tcp     1     3         47.5623            10.3443
           1        tcp     1     3         47.8504            28.4383
           1        tcp     1     3         48.0693            56.1237
           1        tcp     1     3         48.2697            40.8795
           1        tcp     1     3         48.5083            68.6693
           1        tcp     1     3         48.7725            62.0119
           1        tcp     1     3         49.5074             22.294
           1        tcp     1     3           49.83            25.3968
           1        tcp     1     3         50.0599            35.6336
           1        tcp     1     3         50.3097            65.5759
           1        tcp     1     3         50.5289            130.811
           1        tcp     1     3         51.5803            15.5829
           1        tcp     1     3         51.9443             22.507
           1        tcp     1     3         52.2039            47.3352
           1        tcp     1     3         52.4505            66.4355
           1        tcp     1     3         53.3792            4.41049
           1        tcp     1     3         53.6548            29.7201
           1        tcp     1     3         53.8847            17.8187
           1        tcp     1     3         54.2081            25.3304
           1        tcp     1     3         54.4319            36.5994
           1        tcp     1     3         54.6403            78.6461
           1        tcp     1     3          54.891              98.03
           1        tcp     1     3         55.1298            34.3028
           1        tcp     1     3         55.3693            51.3079
           1        tcp     1     3         55.7628            41.6379
           1        tcp     1     3         55.9722            78.2169
           1        tcp     1     3         56.2652             125.84
           1        tcp     1     3          56.521            48.0244
           1        tcp     1     3         56.7912            60.6384
           1        tcp     1     3         57.3546            7.27059
           1        tcp     1     3         57.8248            26.1354
           1        tcp     1     3         58.0332            137.586
           1        tcp     1     3         58.2565            165.051
           1        tcp     1     3         58.4665            175.547
           1        tcp     1     3          58.686            149.279
           1        tcp     1     3         58.9184            52.8794
           1        tcp     1     3         59.2096            42.1927
           1        tcp     1     3         59.6242            19.7616
           1        tcp     1     3         59.8427            74.9768
           1        tcp     1     3         60.0737            53.1875
           1        tcp     1     3         60.6909            19.9087
           1        tcp     1     3         61.4239            33.5292
           1        tcp     1     3         61.6766            64.8474
           1        tcp     1     3         61.8947            56.3287
           1        tcp     1     3         62.0973            101.089
           1        tcp     1     3         62.3141            151.163
           1        tcp     1     3         62.5457            106.088
           1        tcp     1     3         62.7734            143.916
           1        tcp     1     3          62.975            162.594
           1        tcp     1     3         63.1816            237.857
           1        tcp     1     3         63.3987            188.702
           1        tcp     1     3         63.7201            38.2247
           1        tcp     1     3         63.9749            160.781
           1        tcp     1     3         64.1855            97.2611
           1        tcp     1     3          64.399            134.286
           1        tcp     1     3         64.6291            106.784
           1        tcp     1     3         64.8872            126.952
           1        tcp     1     3         65.1185            106.286
           1        tcp     1     3         65.3204            162.249
           1        tcp     1     3         65.5342            191.568
           1        tcp     1     3         65.7934            142.243
           1        tcp     1     3         66.0077            133.804
           1        tcp     1     3         66.4617            45.1058
           1        tcp     1     3         66.6932            88.4738
           1        tcp     1     3         66.9406            66.2275
           1        tcp     1     3         67.1567            94.7824
           1        tcp     1     3         67.3967            85.3196
           1        tcp     1     3         68.0849            17.8541
           1        tcp     1     3         68.3551            45.4864
           1        tcp     1     3         68.5796            127.718
           1        tcp     1     3         68.7997            74.4282
           1        tcp     1     3         69.0422            84.4667
           1        tcp     1     3         69.3303            85.3113
           1        tcp     1     3         69.5538             54.967
           1        tcp     1     3         69.7882            69.9081
           1        tcp     1     3         70.0597            30.1651
           1        tcp     1     3         70.2662            79.3421
           1        tcp     1     3           70.47               20.1
           1        tcp     1     3         70.6715            61.0008
           1        tcp     1     3         70.8921            111.368
           1        tcp     1     3         71.0922            122.846
           1        tcp     1     3         71.3073            95.2146
           1        tcp     1     3         71.5257            112.498
           1        tcp     1     3         71.7631            69.0391
           1        tcp     1     3          72.925             21.151
           1        tcp     1     3         73.2537            24.9244
           1        tcp     1     3         73.4734            37.2787
           1        tcp     1     3         73.6748            61.0027
           1        tcp     1     3         74.4287            5.43336
           1        tcp     1     3          74.754             25.181
           1        tcp     1     3         74.9647            38.8844
           1        tcp     1     3         75.1879             55.045
           1        tcp     1     3          75.438            81.9112
           1        tcp     1     3         75.6388            142.773
           1        tcp     1     3         76.7225            26.4572
           1        tcp     1     3         76.9835            31.3933
           1        tcp     1     3         77.2157            70.5505
           1        tcp     1     3         77.4373            92.4083
           1        tcp     1     3         77.6667            53.5793
           1        tcp     1     3         77.8962             89.224
           1        tcp     1     3         78.1385            135.249
           1        tcp     1     3         78.3653            144.464
           1        tcp     1     3         78.8428            51.4618
           1        tcp     1     3         79.0493            138.869
           1        tcp     1     3         80.0522            8.16878
           1        tcp     1     3         80.4012            23.4697
           1        tcp     1     3         81.4012                  0
           1        tcp     1     3         100.491                  0
           1        tcp     1     3         101.491           0.194214
           1        tcp     1     3         101.706            38.0976
           1        tcp     1     3          101.91            80.4078
           1        tcp     1     3         102.158            66.2007
           1        tcp     1     3         102.426            15.2408
           1        tcp     1     3         103.833              11.65
           1        tcp     1     3         104.213            43.1139
           1        tcp     1     3          104.84            13.0539
           1        tcp     1     3         105.087            49.7516
           1        tcp     1     3         105.448            56.8234
           1        tcp     1     3         105.667            111.882
           1        tcp     1     3         106.156            16.7549
           1        tcp     1     3         106.392            69.6306
           1        tcp     1     3         106.882            16.7207
           1        tcp     1     3         107.136            48.2222
           1        tcp     1     3         108.136                  0
           1        tcp     1     3         108.768                  0
           1        tcp     1     3         109.768            1.55659
           1        tcp     1     3         110.829                  0
           1        tcp     1     3          116.07                  0
           1        tcp     1     3          117.07            1.12184
           1        tcp     1     3         117.348             58.943
           1        tcp     1     3         117.723              10.91
           1        tcp     1     3         118.053            24.8744
           1        tcp     1     3         118.285            17.6214
           1        tcp     1     3         118.616            24.7968
           1        tcp     1     3         118.864            49.4977
           1        tcp     1     3         119.078            95.7449
           1        tcp     1     3         119.448            11.0621
           1        tcp     1     3         119.673            54.5995
           1        tcp     1     3         119.903             89.098
           1        tcp     1     3         120.104            101.787
           1        tcp     1     3         120.338            69.9808
           1        tcp     1     3         120.552            95.8571
           1        tcp     1     3         120.755            80.5229
           1        tcp     1     3         120.991            86.9442
           1        tcp     1     3         121.204            95.9556
           1        tcp     1     3         122.244                  0
           1        tcp     1     3         128.385                  0
           1        tcp     1     3         129.385            1.00139
           1        tcp     1     3          130.42                  0
           1        tcp     1     3         132.038                  0
           1        tcp     1     3         133.038            2.24282
           1        tcp     1     3         133.554            23.8031
           1        tcp     1     3         133.779              36.39
           1        tcp     1     3          133.99            77.6219
           1        tcp     1     3         134.385            51.7965
           1        tcp     1     3          134.59             139.85
           1        tcp     1     3         134.816            72.6358
           1        tcp     1     3         135.139            25.3583
           1        tcp     1     3         135.503            33.7939
           1        tcp     1     3         135.709            99.1038
           1        tcp     1     3         136.205            66.1554
           1        tcp     1     3         137.362                  0
           1        tcp     1     3         138.468                  0
           1        tcp     1     3         139.468            3.76588
           1        tcp     1     3         139.883            29.5933
           1        tcp     1     3         140.421            15.2276
           1        tcp     1     3         140.642            18.4747
           1        tcp     1     3         140.904             31.321
           1        tcp     1     3         141.164            47.3027
           1        tcp     1     3         141.376            96.4624
           1        tcp     1     3         141.618             101.58
           1        tcp     1     3         141.857            68.6351
           1        tcp     1     3         142.063            99.1688
           1        tcp     1     3         142.313              65.58
           1        tcp     1     3         142.531            37.5948
           1        tcp     1     3         142.765            70.1416
           1        tcp     1     3         143.022            79.4369
           1        tcp     1     3         143.235            57.7422
           1        tcp     1     3         143.452            56.6488
           1        tcp     1     3         144.665            3.37642
           1        tcp     1     3         144.986            25.5241
           1        tcp     1     3         145.213            54.1141
           1        tcp     1     3         145.702            25.1481
           1        tcp     1     3         145.959            31.8949
           1        tcp     1     3         146.526            14.4427
           1        tcp     1     3         146.727            40.7896
           1        tcp     1     3         147.222            41.3548
           1        tcp     1     3         147.635            39.6568
           1        tcp     1     3         148.025            31.4917
           1        tcp     1     3         148.242             113.44
           1        tcp     1     3         148.631             42.162
           1        tcp     1     3         148.864            70.2544
           1        tcp     1     3         149.631            16.0158
           1        tcp     1     3         149.898             30.658
           1        tcp     1     3         150.126            54.0671
           1        tcp     1     3         150.357            88.5194
           1        tcp     1     3         150.598            33.9753
           1        tcp     1     3         151.973            11.9152
           1        tcp     1     3         152.213            17.0586
           1        tcp     1     3         152.453            17.0885
           1        tcp     1     3         152.765            26.2727
           1        tcp     1     3         152.975            38.9419
           1        tcp     1     3         153.193            94.1256
           1        tcp     1     3         153.489             55.296
           1        tcp     1     3         153.864            54.6657
           1        tcp     1     3         154.072             98.194
           1        tcp     1     3         154.298            109.028
           1        tcp     1     3         154.543            83.3455
           1        tcp     1     3         154.796            80.9952
           1        tcp     1     3         155.001            59.8696
           1        tcp     1     3         155.238             69.095
           1        tcp     1     3          155.45            77.4717
           1        tcp     1     3         155.664            115.031
           1        tcp     1     3         155.869            179.102
           1        tcp     1     3         156.085            76.0945
           1        tcp     1     3         156.304            149.238
           1        tcp     1     3         156.526            147.818
           1        tcp     1     3         156.757            141.863
           1        tcp     1     3         156.959            304.846
           1        tcp     1     3         157.161            302.809
           1        tcp     1     3         157.377             209.35
           1        tcp     1     3         157.738            22.6974
           1        tcp     1     3         157.956            112.744
           1        tcp     1     3         158.203            181.704
           1        tcp     1     3         158.405            141.972
           1        tcp     1     3         158.776            55.2095
           1        tcp     1     3         159.049            90.2692
           1        tcp     1     3         159.258            78.3147
           1        tcp     1     3         159.502             67.206
           1        tcp     1     3         159.854            46.5063


