#       flow   flowType   src   dst            time         throughput

           0        tcp     0     2         2.00274            339.039
           0        tcp     0     2         3.01556             319.49
           0        tcp     0     2         4.02145            321.686
           0        tcp     0     2         5.02355            322.907
           0        tcp     0     2         6.03344            320.416
           0        tcp     0     2         7.03817            317.985
           0        tcp     0     2         8.04596            321.081
           0        tcp     0     2         9.05186            321.687
           0        tcp     0     2         10.0648            319.445
           0        tcp     0     2         11.0767            319.791
           0        tcp     0     2          12.082            321.865
           0        tcp     0     2         13.0841            322.922
           0        tcp     0     2         14.0873            318.468
           0        tcp     0     2         15.0995            319.674
           0        tcp     0     2         16.1011             318.97
           0        tcp     0     2         17.1093            320.952
           0        tcp     0     2         18.1181             320.78
           0        tcp     0     2         19.1221             318.22
           0        tcp     0     2         20.1299            316.989
           0        tcp     0     2          21.137              321.3
           0        tcp     0     2         22.1439            321.396
           0        tcp     0     2         23.1555            319.872
           0        tcp     0     2          24.166            320.204
           0        tcp     0     2         25.1733            317.174
           0        tcp     0     2          26.182            320.784
           0        tcp     0     2         27.1849            318.568
           0        tcp     0     2         28.1968             323.85
           0        tcp     0     2         29.2055            320.776
           0        tcp     0     2         30.2172            319.851
           0        tcp     0     2         31.2196            318.723
           0        tcp     0     2         32.2288             320.62
           0        tcp     0     2         33.2369            321.002
           0        tcp     0     2         34.2408            318.239
           0        tcp     0     2         35.2503            320.549
           0        tcp     0     2         36.2575            321.245
           0        tcp     0     2         37.2698            319.664
           0        tcp     0     2         38.2778             316.95
           0        tcp     0     2         39.2807            322.651
           0        tcp     0     2         40.2897            316.626
           0        tcp     0     2         41.2906             319.22
           0        tcp     0     2         42.2968            317.525
           0        tcp     0     2         43.2994             322.72
           0        tcp     0     2         44.3084            320.708
           0        tcp     0     2         45.3099            323.087
           0        tcp     0     2         46.3209            320.064
           0        tcp     0     2         47.3263             321.87
           0        tcp     0     2         48.3337            321.188
           0        tcp     0     2         49.3353            318.987
           0        tcp     0     2         50.3398            322.139
           0        tcp     0     2         51.3481            320.902
           0        tcp     0     2         52.3552             321.32
           0        tcp     0     2         53.3603            317.856
           0        tcp     0     2         54.3639            318.342
           0        tcp     0     2           55.37            321.633
           0        tcp     0     2         56.3781            320.963
           0        tcp     0     2         57.3894            319.969
           0        tcp     0     2         58.3918            318.733
           0        tcp     0     2         59.4029            320.039
           0        tcp     0     2         60.4075            322.113
           0        tcp     0     2          61.412            322.109
           0        tcp     0     2         62.4204            320.897
           0        tcp     0     2         63.4337            319.331
           0        tcp     0     2         64.4419            320.959
           0        tcp     0     2         65.4518            320.411
           0        tcp     0     2         66.4533            319.028
           0        tcp     0     2         67.4595            321.579
           0        tcp     0     2         68.4615             322.92
           0        tcp     0     2         69.4731            319.881
           0        tcp     0     2         70.4751            322.938
           0        tcp     0     2         71.4778            322.729
           0        tcp     0     2         72.4875            324.519
           0        tcp     0     2          73.493            321.815
           0        tcp     0     2         74.4985            321.823
           0        tcp     0     2         75.5067            320.952
           0        tcp     0     2         76.5181            319.927
           0        tcp     0     2         77.5257            321.156
           0        tcp     0     2         78.5334            321.101
           0        tcp     0     2         79.5378            318.084
           0        tcp     0     2         80.5467            320.742
           0        tcp     0     2         81.5499            318.461
           0        tcp     0     2         82.5568            317.286
           0        tcp     0     2         83.5641            321.249
           0        tcp     0     2         84.5654            319.073
           0        tcp     0     2         85.5691            318.318
           0        tcp     0     2         86.5796            324.283
           0        tcp     0     2         87.5902            316.133
           0        tcp     0     2         88.5962            321.658
           0        tcp     0     2         89.6064            320.291
           0        tcp     0     2           90.61            322.434
           0        tcp     0     2         91.6138            318.278
           0        tcp     0     2         92.6226            320.769
           0        tcp     0     2         93.6327            320.329
           0        tcp     0     2         94.6434            320.178
           0        tcp     0     2         95.6491            321.752
           0        tcp     0     2         96.6579            320.747
           0        tcp     0     2         97.6704            319.597
           0        tcp     0     2         98.6773            321.361
           0        tcp     0     2         99.6838            321.493
           0        tcp     0     2         100.688            322.082
           0        tcp     0     2         101.696            321.203
           0        tcp     0     2           102.7            318.222
           0        tcp     0     2         103.708            321.026
           0        tcp     0     2         104.719            319.966
           0        tcp     0     2         105.725            317.683
           0        tcp     0     2          106.73            321.827
           0        tcp     0     2         107.731            319.275
           0        tcp     0     2         108.738            321.421
           0        tcp     0     2         109.746            320.763
           0        tcp     0     2         110.747            319.355
           0        tcp     0     2         111.759            319.595
           0        tcp     0     2          112.76            319.373
           0        tcp     0     2          113.76             319.32
           0        tcp     0     2         114.765              322.2
           0        tcp     0     2         115.765            323.574
           0        tcp     0     2         116.767            318.675
           0        tcp     0     2         117.776             320.68
           0        tcp     0     2         118.783            321.365
           0        tcp     0     2         119.789             321.53
           0        tcp     0     2         120.796            321.389
           0        tcp     0     2         121.799            318.575
           0        tcp     0     2         122.806            321.374
           0        tcp     0     2         123.817            320.066
           0        tcp     0     2         124.823            321.551
           0        tcp     0     2         125.829            321.806
           0        tcp     0     2         126.832            322.536
           0        tcp     0     2         127.842            320.495
           0        tcp     0     2         128.852            320.394
           0        tcp     0     2         129.861             320.57
           0        tcp     0     2         130.865            318.351
           0        tcp     0     2         131.867            322.709
           0        tcp     0     2         132.868            319.423
           0        tcp     0     2         133.879            320.016
           0        tcp     0     2         134.886            321.361
           0        tcp     0     2         135.898            319.666
           0        tcp     0     2           136.9            318.954
           0        tcp     0     2           137.9            323.562
           0        tcp     0     2         138.906            321.436
           0        tcp     0     2         139.909             318.75
           0        tcp     0     2         140.912            318.378
           0        tcp     0     2         141.924            319.875
           0        tcp     0     2         142.933            320.686
           0        tcp     0     2         143.941            320.938
           0        tcp     0     2         144.945            322.161
           0        tcp     0     2          145.95            321.997
           0        tcp     0     2         146.951            319.243
           0        tcp     0     2         147.959            321.005
           0        tcp     0     2          148.97            320.265
           0        tcp     0     2         149.972            322.888
           0        tcp     0     2         150.981            320.572
           0        tcp     0     2         151.994            319.628
           0        tcp     0     2         152.999            321.909
           0        tcp     0     2         154.007             320.94
           0        tcp     0     2          155.02            319.394
           0        tcp     0     2         156.021            319.214
           0        tcp     0     2          157.03            320.612
           0        tcp     0     2         158.038            321.035
           0        tcp     0     2          159.05            319.903
           0        tcp     0     2         160.063            319.311
           0        tcp     0     2         161.068            317.886
           0        tcp     0     2         162.074             321.74
           0        tcp     0     2          163.08            317.624
           0        tcp     0     2         164.083            318.339
           0        tcp     0     2         165.091            321.055
           0        tcp     0     2         166.102            320.267
           0        tcp     0     2         167.106            322.273
           0        tcp     0     2         168.117            319.993
           0        tcp     0     2         169.124            317.149
           0        tcp     0     2          170.13            321.608
           0        tcp     0     2         171.138            325.323
           0        tcp     0     2         172.141            318.338
           0        tcp     0     2          173.15            320.732
           0        tcp     0     2         174.155            317.875
           0        tcp     0     2         175.166            320.014
           0        tcp     0     2         176.168            322.895
           0        tcp     0     2          177.17            319.052
           0        tcp     0     2         178.171            319.184
           0        tcp     0     2         179.182            319.833
           0        tcp     0     2         180.195            319.623
           0        tcp     0     2         181.198            318.592
           0        tcp     0     2         182.199             323.13
           0        tcp     0     2         183.201            318.786
           0        tcp     0     2         184.202            319.169
           0        tcp     0     2         185.209            321.301
           0        tcp     0     2         186.221            319.839
           0        tcp     0     2         187.226            321.871
           0        tcp     0     2         188.235             320.88
           0        tcp     0     2          189.24            322.062
           0        tcp     0     2         190.246            321.374
           0        tcp     0     2          191.25            322.427
           0        tcp     0     2          192.26            320.394
           0        tcp     0     2          193.27            320.477
           0        tcp     0     2         194.275            321.773
           0        tcp     0     2         195.285            320.517
           0        tcp     0     2         196.287             318.78
           0        tcp     0     2         197.296            320.885
           0        tcp     0     2         198.302             317.34
           0        tcp     0     2         199.303            319.379


