2016年 05月 19日 星期四 19:02:09 CST
#node_id rate rate_without_head
       0 218.837 179.556
       1 502.049 349.314
       2 39.2027 0
       3 207.087 169.915
       4 37.1491 0


#node_id rate rate_without_head
       0 103.541 84.9511
       1 121.597 84.9406
       2 235.968 164.773
       3 121.598 84.9362
       4 18.0755 0
       5 107.394 88.1153
       6 126.214 88.1099
       7 126.217 88.1121
       8 18.828 0


#node_id rate rate_without_head
       0 98.5197 80.8316
       1 101.01 71.4983
       2 101.005 71.4921
       3 198.968 140.739
       4 101.078 71.5418
       5 101.077 71.5412
       6 14.8664 0
       7 99.2478 81.4316
       8 101.894 72.0319
       9 101.862 72.0055
      10 101.864 72.0045
      11 101.868 72.0055
      12 14.9811 0


#node_id rate rate_without_head
       0 132.789 108.94
       1 106.481 77.2901
       2 91.5242 65.0123
       3 91.4981 64.9869
       4 183.381 129.676
       5 91.5065 64.9796
       6 91.5397 65.0005
       7 92.559 64.9987
       8 14.2202 0
       9 135.913 111.516
      10 121.888 87.3317
      11 109.866 77.4672
      12 109.836 77.4418
      13 109.821 77.4171
      14 109.821 77.4128
      15 110.62 77.4201
      16 16.9295 0


#node_id rate rate_without_head
       0 125.587 103.033
       1 135.647 101.777
       2 102.335 74.443
       3 86.2591 61.2554
       4 86.1842 61.1925
       5 171.652 120.482
       6 86.1978 61.1909
       7 86.2123 61.19
       8 87.1125 61.1888
       9 87.9655 61.1879
      10 13.3928 0
      11 137.368 112.71
      12 156.456 111.629
      13 144.665 101.955
      14 139.106 97.393
      15 138.977 97.2868
      16 138.995 97.278
      17 139.006 97.2755
      18 139.454 97.2746
      19 139.814 97.2705
      20 21.2757 0


#node_id rate rate_without_head
       0 130.097 106.73
       1 137.884 103.575
       2 136.194 102.19
       3 103.777 75.5982
       4 89.718 64.06
       5 89.9126 64.1863
       6 179.001 127.486
       7 89.9459 64.1751
       8 89.9585 64.1746
       9 91.1173 64.174
      10 92.2561 64.1735
      11 92.2622 64.1731
      12 14.0447 0
      13 130.945 107.439
      14 140.107 104.209
      15 138.407 102.814
      16 110.516 79.9283
      17 98.2431 69.8575
      18 98.1571 69.7851
      19 98.1168 69.7363
      20 98.1332 69.7352
      21 99.2088 69.7303
      22 100.237 69.7299
      23 100.244 69.7308
      24 15.2571 0


#node_id rate rate_without_head
       0 132.913 109.055
       1 140.936 106.027
       2 136.998 102.796
       3 135.299 101.401
       4 104.663 76.2638
       5 91.4676 65.4338
       6 91.2409 65.2471
       7 182.596 130.674
       8 91.2828 65.247
       9 91.2942 65.2465
      10 92.466 65.2462
      11 93.7907 65.2457
      12 93.79 65.2452
      13 93.8507 65.2833
      14 14.2839 0
      15 133.57 109.591
      16 141.652 106.701
      17 137.845 103.577
      18 136.249 102.267
      19 104.925 76.563
      20 91.5218 65.566
      21 91.4124 65.4716
      22 91.4299 65.4587
      23 91.4362 65.455
      24 92.7395 65.4494
      25 94.0868 65.4496
      26 94.0941 65.4526
      27 94.0959 65.4539
      28 14.3213 0


#node_id rate rate_without_head
       0 136.707 112.168
       1 144.535 109.046
       2 140.725 105.92
       3 136.92 102.798
       4 135.365 101.521
       5 104.99 76.5945
       6 92.0831 66.0032
       7 91.9436 65.8858
       8 183.42 131.42
       9 92.006 65.9012
      10 91.9775 65.87
      11 93.1973 65.8708
      12 94.6845 65.8716
      13 94.6888 65.8725
      14 94.696 65.8734
      15 94.7001 65.8742
      16 14.4131 0
      17 136.885 112.313
      18 144.396 108.959
      19 140.158 105.481
      20 136.102 102.154
      21 134.672 100.98
      22 104.871 76.5251
      23 91.637 65.6646
      24 91.5782 65.6112
      25 91.5956 65.6005
      26 91.6151 65.5994
      27 92.8356 65.5973
      28 94.2855 65.5899
      29 94.2848 65.5852
      30 94.2862 65.5862
      31 94.2883 65.5877
      32 14.3505 0


#node_id rate rate_without_head
       0 140.04 114.902
       1 149.458 111.971
       2 145.687 108.878
       3 142.2 106.016
       4 139.114 103.484
       5 137.751 102.362
       6 111.867 81.1223
       7 100.813 72.0501
       8 100.742 71.9839
       9 181.338 129.893
      10 100.801 71.9852
      11 100.809 71.9824
      12 101.981 71.982
      13 103.476 71.9854
      14 103.487 71.9864
      15 103.488 71.9875
      16 103.489 71.9884
      17 103.49 71.9892
      18 15.7508 0
      19 141.48 116.081
      20 148.406 112.678
      21 144.119 109.16
      22 139.966 105.752
      23 136.5 102.908
      24 135.114 101.77
      25 103.035 75.4491
      26 89.4672 64.3138
      27 89.3041 64.1772
      28 89.3622 64.1884
      29 89.3705 64.1777
      30 90.738 64.1787
      31 92.2728 64.1806
      32 92.2741 64.1815
      33 92.2753 64.1823
      34 92.2765 64.1831
      35 92.2778 64.184
      36 14.0471 0


#node_id rate rate_without_head
       0 143.563 117.792
       1 150.775 114.684
       2 146.232 110.956
       3 142.712 108.068
       4 139.483 105.417
       5 136.174 102.702
       6 134.728 101.512
       7 103.721 76.0702
       8 89.8547 64.6922
       9 89.5857 64.4674
      10 184.366 132.609
      11 89.6276 64.4695
      12 89.6528 64.4704
      13 91.0492 64.4694
      14 92.6824 64.4747
      15 92.6815 64.4741
      16 92.6806 64.4693
      17 92.6817 64.4701
      18 92.6828 64.4708
      19 92.6839 64.4716
      20 14.1063 0
      21 143.221 117.512
      22 151.017 114.307
      23 146.993 111.005
      24 142.619 107.416
      25 139.398 104.772
      26 136.163 102.115
      27 134.697 100.912
      28 107.111 78.2744
      29 94.868 68.2187
      30 94.779 68.1492
      31 94.8379 68.1485
      32 94.8674 68.1481
      33 96.2195 68.1476
      34 97.9494 68.1471
      35 97.9577 68.1466
      36 97.963 68.1461
      37 98.0064 68.1742
      38 98.0075 68.175
      39 98.0087 68.1758
      40 14.8529 0


#node_id rate rate_without_head
       0 145.716 119.559
       1 154.691 116.953
       2 150.44 113.464
       3 146.579 110.297
       4 143.046 107.397
       5 140.08 104.963
       6 136.879 102.335
       7 135.53 101.227
       8 108.505 79.0537
       9 96.2527 68.997
      10 96.1115 68.878
      11 183.717 131.934
      12 96.1301 68.8677
      13 96.1464 68.8686
      14 97.4181 68.875
      15 98.9921 68.8745
      16 99.0003 68.874
      17 99.0056 68.8735
      18 99.005 68.873
      19 99.0074 68.8726
      20 99.0064 68.8699
      21 99.0078 68.8708
      22 15.0687 0
      23 146.505 120.202
      24 153.616 116.875
      25 149.952 113.868
      26 145.888 110.533
      27 142.345 107.626
      28 138.882 104.783
      29 135.684 102.157
      30 134.319 101.038
      31 104.239 76.3579
      32 91.2359 65.6846
      33 91.149 65.6116
      34 91.1737 65.6181
      35 91.1849 65.6149
      36 92.6189 65.6096
      37 94.308 65.6077
      38 94.3156 65.6043
      39 94.3175 65.6056
      40 90.2569 62.7812
      41 90.2604 62.7816
      42 90.261 62.7819
      43 90.2615 62.7823
      44 13.7397 0


#node_id rate rate_without_head
       0 149.896 122.989
       1 157.67 120.14
       2 153.318 116.568
       3 149.463 113.405
       4 146.242 110.763
       5 142.889 108.009
       6 139.636 105.34
       7 136.517 102.78
       8 135.323 101.799
       9 106.114 77.8286
      10 93.0991 67.1496
      11 93.0506 67.1032
      12 184.665 133.095
      13 93.1088 67.1106
      14 93.1148 67.1041
      15 94.6018 67.1057
      16 96.4387 67.1066
      17 96.4608 67.1074
      18 96.4657 67.1066
      19 96.465 67.1061
      20 96.4644 67.1057
      21 96.4639 67.1053
      22 96.4633 67.1049
      23 96.4616 67.1016
      24 14.6817 0
      25 150.017 123.076
      26 158.169 120.256
      27 154.512 117.255
      28 150.863 114.26
      29 147.526 111.523
      30 144.118 108.727
      31 141.15 106.292
      32 137.854 103.587
      33 136.556 102.521
      34 107.84 78.9592
      35 95.3363 68.6983
      36 95.2716 68.6442
      37 95.3861 68.6885
      38 95.395 68.6881
      39 96.895 68.6782
      40 94.4178 65.6882
      41 94.4286 65.6873
      42 94.4303 65.6865
      43 94.4591 65.7024
      44 94.4597 65.7028
      45 94.4603 65.7032
      46 94.461 65.7037
      47 94.4615 65.7041
      48 14.3788 0


#node_id rate rate_without_head
       0 150.899 123.812
       1 159.548 120.959
       2 155.453 117.599
       3 152.001 114.766
       4 149.301 112.551
       5 146.284 110.074
       6 143.365 107.679
       7 140.427 105.262
       8 137.747 103.061
       9 136.625 102.138
      10 109.916 80.217
      11 98.3807 70.7403
      12 98.3418 70.6986
      13 183.16 131.737
      14 98.3648 70.6854
      15 98.3921 70.6899
      16 99.7745 70.6917
      17 101.583 70.6913
      18 101.603 70.6908
      19 101.611 70.6903
      20 101.617 70.6898
      21 101.616 70.6894
      22 101.615 70.6888
      23 101.614 70.6858
      24 101.615 70.6868
      25 101.617 70.6877
      26 15.4661 0
      27 152.334 124.986
      28 160.228 122.028
      29 156.605 119.056
      30 152.666 115.823
      31 149.471 113.199
      32 146.093 110.427
      33 142.819 107.739
      34 140.082 105.49
      35 137.003 102.963
      36 135.621 101.827
      37 106.81 78.1822
      38 94.0217 67.6855
      39 93.9823 67.6516
      40 84.4636 60.7748
      41 84.4858 60.7758
      42 85.7355 60.7766
      43 87.3516 60.7788
      44 87.3624 60.778
      45 87.3703 60.7772
      46 87.3691 60.7764
      47 87.3679 60.7756
      48 87.3698 60.7748
      49 87.3701 60.7709
      50 87.3706 60.7712
      51 87.3712 60.7716
      52 13.2998 0


#node_id rate rate_without_head
       0 204.365 167.602
       1 504.892 352.34
       2 35.456 0
       3 229.585 188.294
       4 40.1744 0


#node_id rate rate_without_head
       0 -0 -0
       1 -0 -0
       2 233.402 162.436
       3 -0 -0
       4 -0 -0
       5 198.784 163.022
       6 233.311 162.373
       7 233.499 162.504
       8 35.3748 0


#node_id rate rate_without_head
       0 -0 -0
       1 -0 -0
       2 -0 -0
       3 196.729 137.274
       4 -0 -0
       5 -0 -0
       6 -0 -0
       7 168.019 137.779
       8 196.494 137.111
       9 196.585 137.174
      10 196.458 137.085
      11 196.223 136.783
      12 29.6128 0


#node_id rate rate_without_head
       0 -0 -0
       1 -0 -0
       2 -0 -0
       3 -0 -0
       4 179.657 125.189
       5 -0 -0
       6 -0 -0
       7 -0 -0
       8 -0 -0
       9 154.321 126.539
      10 180.1 125.637
      11 180.179 125.692
      12 180.112 125.646
      13 179.188 124.722
      14 179.438 124.897
      15 179.507 124.874
      16 27.2988 0


#node_id rate rate_without_head
       0 -0 -0
       1 -0 -0
       2 -0 -0
       3 -0 -0
       4 -0 -0
       5 169.571 118.173
       6 -0 -0
       7 -0 -0
       8 -0 -0
       9 -0 -0
      10 -0 -0
      11 146.088 119.784
      12 170.788 119.37
      13 170.408 119.036
      14 170.225 118.908
      15 169.883 118.53
      16 169.108 117.711
      17 168.536 117.172
      18 168.835 117.38
      19 168.827 117.304
      20 25.7721 0


#node_id rate rate_without_head
       0 -0 -0
       1 -0 -0
       2 -0 -0
       3 -0 -0
       4 -0 -0
       5 -0 -0
       6 159.263 111.144
       7 -0 -0
       8 -0 -0
       9 -0 -0
      10 -0 -0
      11 -0 -0
      12 -0 -0
      13 141.565 116.073
      14 162.309 113.83
      15 161.125 112.861
      16 160.079 111.923
      17 160.301 112.077
      18 159.801 111.659
      19 159.149 110.995
      20 159.069 110.868
      21 159.125 110.766
      22 159.136 110.703
      23 159.184 110.595
      24 24.3056 0


#node_id rate rate_without_head
       0 135.717 111.274
       1 145.586 108.817
       2 143.962 107.479
       3 142.435 106.214
       4 115.503 84.0973
       5 103.987 74.6674
       6 103.59 74.3243
       7 189.331 135.872
       8 103.3 73.9854
       9 103.046 73.8032
      10 104.394 73.7514
      11 105.621 73.334
      12 105.665 73.3647
      13 105.726 73.4071
      14 16.1679 0
      15 136.11 111.513
      16 140.455 106.482
      17 136.105 102.901
      18 133.936 101.114
      19 102.773 75.5385
      20 86.8514 62.4919
      21 87.3994 62.8862
      22 87.0203 62.4064
      23 87.3123 62.6158
      24 88.8456 62.746
      25 90.3956 62.7392
      26 90.5082 62.8174
      27 90.5695 62.8599
      28 13.8661 0


#node_id rate rate_without_head
       0 145.623 119.402
       1 153.437 115.337
       2 148.907 111.659
       3 141.722 105.749
       4 140.44 104.632
       5 111.011 80.4815
       6 101.085 72.3075
       7 101.014 72.184
       8 187.04 134.506
       9 100.637 71.7816
      10 100.767 71.8742
      11 101.953 71.8469
      12 103.355 71.8285
      13 103.337 71.816
      14 103.315 71.8004
      15 103.285 71.7797
      16 15.8028 0
      17 139.18 114.115
      18 144.901 110.788
      19 140.327 107.038
      20 136.946 104.229
      21 136.069 103.494
      22 100.181 74.0871
      23 87.4012 63.5751
      24 87.7359 63.765
      25 86.9793 63.0666
      26 87.0497 62.9696
      27 88.6221 63.1449
      28 90.9707 63.1416
      29 91.1163 63.2427
      30 91.1565 63.2706
      31 91.195 63.2973
      32 13.9549 0


#node_id rate rate_without_head
       0 141.05 115.65
       1 160.674 113.4
       2 158.295 111.461
       3 156.983 110.339
       4 155.729 109.253
       5 156.131 109.535
       6 155.957 109.413
       7 155.963 109.275
       8 155.599 108.88
       9 155.1 108.463
      10 155.21 108.399
      11 155.08 108.237
      12 155.113 108.117
      13 155.187 108.027
      14 154.833 107.568
      15 155.004 107.687
      16 155.181 107.81
      17 155.247 107.856
      18 23.7045 0
      19 -0 -0
      20 -0 -0
      21 -0 -0
      22 -0 -0
      23 -0 -0
      24 -0 -0
      25 -0 -0
      26 -0 -0
      27 -0 -0
      28 -0 -0
      29 -0 -0
      30 -0 -0
      31 -0 -0
      32 -0 -0
      33 -0 -0
      34 -0 -0
      35 -0 -0
      36 -0 -0


#node_id rate rate_without_head
       0 145.682 119.45
       1 154.677 116.154
       2 149.224 111.703
       3 143.777 107.215
       4 143.09 106.583
       5 142.2 105.835
       6 141.091 104.845
       7 117.382 85.3684
       8 107.114 76.8678
       9 107.134 76.8089
      10 186.838 134.539
      11 106.122 75.8917
      12 106.631 76.2555
      13 107.564 75.8968
      14 109.666 76.2175
      15 109.39 75.9545
      16 109.441 75.9901
      17 109.485 76.0208
      18 109.532 76.0535
      19 109.575 76.0829
      20 16.7537 0
      21 150.175 123.136
      22 155.541 120.021
      23 151.646 116.819
      24 145.237 111.595
      25 138.481 106.046
      26 134.677 102.913
      27 130.799 99.7568
      28 99.354 73.8718
      29 81.5641 59.2655
      30 81.4293 59.113
      31 80.4892 58.2812
      32 81.6141 59.0203
      33 82.0404 58.3608
      34 84.5298 58.6594
      35 84.5631 58.6825
      36 84.5957 58.7051
      37 84.6308 58.7295
      38 84.6621 58.7512
      39 84.7004 58.7778
      40 11.2919 0


#node_id rate rate_without_head
       0 135.816 111.355
       1 155.624 110.396
       2 153.629 108.791
       3 152.143 107.474
       4 151.748 107.13
       5 151.032 106.487
       6 150.617 106.063
       7 148.902 104.583
       8 148.605 104.303
       9 148.242 103.909
      10 147.131 102.921
      11 147.289 102.889
      12 147.694 103.172
      13 147.493 102.96
      14 147.296 102.609
      15 146.793 102.117
      16 147.007 102.265
      17 147.235 102.353
      18 147.209 102.334
      19 147.175 102.311
      20 147.085 102.177
      21 147.146 102.219
      22 22.4726 0
      23 -0 -0
      24 -0 -0
      25 -0 -0
      26 -0 -0
      27 -0 -0
      28 -0 -0
      29 -0 -0
      30 -0 -0
      31 -0 -0
      32 -0 -0
      33 -0 -0
      34 -0 -0
      35 -0 -0
      36 -0 -0
      37 -0 -0
      38 -0 -0
      39 -0 -0
#node_id rate rate_without_head
       0 142.019 116.444
       1 159.804 113.305
       2 157.709 111.565
       3 156.743 110.752
       4 156.052 110.126
       5 156.062 110.061
       6 155.456 109.496
       7 154.98 109.022
       8 154.35 108.446
       9 154.287 108.329
      10 154.105 108.13
      11 153.776 107.759
      12 153.433 107.379
      13 153.217 107.014
      14 153.414 107.009
      15 153.581 107.125
      16 153.253 106.754
      17 153.159 106.617
      18 153.02 106.449
      19 152.643 106.115
      20 152.612 106.093
      21 152.564 106.06
      22 152.811 106.159
      23 152.871 106.201
      24 23.3456 0
      25 -0 -0
      26 -0 -0
      27 -0 -0
      28 -0 -0
      29 -0 -0
      30 -0 -0
      31 -0 -0
      32 -0 -0
      33 -0 -0
      34 -0 -0
      35 -0 -0
      36 -0 -0
      37 -0 -0
      38 -0 -0
      39 -0 -0
#node_id rate rate_without_head
       0 138.819 113.819
       1 158.516 112.629
       2 156.394 110.869
       3 155.917 110.394
       4 155.028 109.636
       5 154.255 108.951
       6 153.903 108.565
       7 153.744 108.241
       8 153.392 107.921
       9 153.041 107.535
      10 152.849 107.26
      11 152.89 107.217
      12 152.846 107.186
      13 152.607 106.95
      14 152.532 106.682
      15 152.965 106.84
      16 153.042 106.75
      17 153.005 106.724
      18 152.763 106.413
      19 152.931 106.459
      20 152.995 106.503
      21 152.854 106.405
      22 152.65 106.192
      23 152.613 106.166
      24 152.418 105.958
      25 152.535 106.04
      26 23.2987 0
      27 -0 -0
      28 -0 -0
      29 -0 -0
      30 -0 -0
      31 -0 -0
      32 -0 -0
      33 -0 -0
      34 -0 -0
      35 -0 -0
      36 -0 -0
      37 -0 -0
      38 -0 -0
      39 -0 -0
#node_id rate rate_without_head
       0 204.365 167.602
       1 504.892 352.34
       2 35.456 0
       3 229.585 188.294
       4 40.1744 0


#node_id rate rate_without_head
       0 -0 -0
       1 -0 -0
       2 233.402 162.436
       3 -0 -0
       4 -0 -0
       5 198.784 163.022
       6 233.311 162.373
       7 233.499 162.504
       8 35.3748 0


#node_id rate rate_without_head
       0 -0 -0
       1 -0 -0
       2 -0 -0
       3 196.729 137.274
       4 -0 -0
       5 -0 -0
       6 -0 -0
       7 168.019 137.779
       8 196.494 137.111
       9 196.585 137.174
      10 196.458 137.085
      11 196.223 136.783
      12 29.6128 0


#node_id rate rate_without_head
       0 -0 -0
       1 -0 -0
       2 -0 -0
       3 -0 -0
       4 179.657 125.189
       5 -0 -0
       6 -0 -0
       7 -0 -0
       8 -0 -0
       9 154.321 126.539
      10 180.1 125.637
      11 180.179 125.692
      12 180.112 125.646
      13 179.188 124.722
      14 179.438 124.897
      15 179.507 124.874
      16 27.2988 0


#node_id rate rate_without_head
       0 -0 -0
       1 -0 -0
       2 -0 -0
       3 -0 -0
       4 -0 -0
       5 169.571 118.173
       6 -0 -0
       7 -0 -0
       8 -0 -0
       9 -0 -0
      10 -0 -0
      11 146.088 119.784
      12 170.788 119.37
      13 170.408 119.036
      14 170.225 118.908
      15 169.883 118.53
      16 169.108 117.711
      17 168.536 117.172
      18 168.835 117.38
      19 168.827 117.304
      20 25.7721 0


#node_id rate rate_without_head
       0 -0 -0
       1 -0 -0
       2 -0 -0
       3 -0 -0
       4 -0 -0
       5 -0 -0
       6 159.263 111.144
       7 -0 -0
       8 -0 -0
       9 -0 -0
      10 -0 -0
      11 -0 -0
      12 -0 -0
      13 141.565 116.073
      14 162.309 113.83
      15 161.125 112.861
      16 160.079 111.923
      17 160.301 112.077
      18 159.801 111.659
      19 159.149 110.995
      20 159.069 110.868
      21 159.125 110.766
      22 159.136 110.703
      23 159.184 110.595
      24 24.3056 0


#node_id rate rate_without_head
       0 135.717 111.274
       1 145.586 108.817
       2 143.962 107.479
       3 142.435 106.214
       4 115.503 84.0973
       5 103.987 74.6674
       6 103.59 74.3243
       7 189.331 135.872
       8 103.3 73.9854
       9 103.046 73.8032
      10 104.394 73.7514
      11 105.621 73.334
      12 105.665 73.3647
      13 105.726 73.4071
      14 16.1679 0
      15 136.11 111.513
      16 140.455 106.482
      17 136.105 102.901
      18 133.936 101.114
      19 102.773 75.5385
      20 86.8514 62.4919
      21 87.3994 62.8862
      22 87.0203 62.4064
      23 87.3123 62.6158
      24 88.8456 62.746
      25 90.3956 62.7392
      26 90.5082 62.8174
      27 90.5695 62.8599
      28 13.8661 0


#node_id rate rate_without_head
       0 145.623 119.402
       1 153.437 115.337
       2 148.907 111.659
       3 141.722 105.749
       4 140.44 104.632
       5 111.011 80.4815
       6 101.085 72.3075
       7 101.014 72.184
       8 187.04 134.506
       9 100.637 71.7816
      10 100.767 71.8742
      11 101.953 71.8469
      12 103.355 71.8285
      13 103.337 71.816
      14 103.315 71.8004
      15 103.285 71.7797
      16 15.8028 0
      17 139.18 114.115
      18 144.901 110.788
      19 140.327 107.038
      20 136.946 104.229
      21 136.069 103.494
      22 100.181 74.0871
      23 87.4012 63.5751
      24 87.7359 63.765
      25 86.9793 63.0666
      26 87.0497 62.9696
      27 88.6221 63.1449
      28 90.9707 63.1416
      29 91.1163 63.2427
      30 91.1565 63.2706
      31 91.195 63.2973
      32 13.9549 0


#node_id rate rate_without_head
       0 141.05 115.65
       1 160.674 113.4
       2 158.295 111.461
       3 156.983 110.339
       4 155.729 109.253
       5 156.131 109.535
       6 155.957 109.413
       7 155.963 109.275
       8 155.599 108.88
       9 155.1 108.463
      10 155.21 108.399
      11 155.08 108.237
      12 155.113 108.117
      13 155.187 108.027
      14 154.833 107.568
      15 155.004 107.687
      16 155.181 107.81
      17 155.247 107.856
      18 23.7045 0
      19 -0 -0
      20 -0 -0
      21 -0 -0
      22 -0 -0
      23 -0 -0
      24 -0 -0
      25 -0 -0
      26 -0 -0
      27 -0 -0
      28 -0 -0
      29 -0 -0
      30 -0 -0
      31 -0 -0
      32 -0 -0
      33 -0 -0
      34 -0 -0
      35 -0 -0
      36 -0 -0


#node_id rate rate_without_head
       0 145.682 119.45
       1 154.677 116.154
       2 149.224 111.703
       3 143.777 107.215
       4 143.09 106.583
       5 142.2 105.835
       6 141.091 104.845
       7 117.382 85.3684
       8 107.114 76.8678
       9 107.134 76.8089
      10 186.838 134.539
      11 106.122 75.8917
      12 106.631 76.2555
      13 107.564 75.8968
      14 109.666 76.2175
      15 109.39 75.9545
      16 109.441 75.9901
      17 109.485 76.0208
      18 109.532 76.0535
      19 109.575 76.0829
      20 16.7537 0
      21 150.175 123.136
      22 155.541 120.021
      23 151.646 116.819
      24 145.237 111.595
      25 138.481 106.046
      26 134.677 102.913
      27 130.799 99.7568
      28 99.354 73.8718
      29 81.5641 59.2655
      30 81.4293 59.113
      31 80.4892 58.2812
      32 81.6141 59.0203
      33 82.0404 58.3608
      34 84.5298 58.6594
      35 84.5631 58.6825
      36 84.5957 58.7051
      37 84.6308 58.7295
      38 84.6621 58.7512
      39 84.7004 58.7778
      40 11.2919 0


#node_id rate rate_without_head
       0 135.816 111.355
       1 155.624 110.396
       2 153.629 108.791
       3 152.143 107.474
       4 151.748 107.13
       5 151.032 106.487
       6 150.617 106.063
       7 148.902 104.583
       8 148.605 104.303
       9 148.242 103.909
      10 147.131 102.921
      11 147.289 102.889
      12 147.694 103.172
      13 147.493 102.96
      14 147.296 102.609
      15 146.793 102.117
      16 147.007 102.265
      17 147.235 102.353
      18 147.209 102.334
      19 147.175 102.311
      20 147.085 102.177
      21 147.146 102.219
      22 22.4726 0
      23 -0 -0
      24 -0 -0
      25 -0 -0
      26 -0 -0
      27 -0 -0
      28 -0 -0
      29 -0 -0
      30 -0 -0
      31 -0 -0
      32 -0 -0
      33 -0 -0
      34 -0 -0
      35 -0 -0
      36 -0 -0
      37 -0 -0
      38 -0 -0
      39 -0 -0
#node_id rate rate_without_head
       0 142.019 116.444
       1 159.804 113.305
       2 157.709 111.565
       3 156.743 110.752
       4 156.052 110.126
       5 156.062 110.061
       6 155.456 109.496
       7 154.98 109.022
       8 154.35 108.446
       9 154.287 108.329
      10 154.105 108.13
      11 153.776 107.759
      12 153.433 107.379
      13 153.217 107.014
      14 153.414 107.009
      15 153.581 107.125
      16 153.253 106.754
      17 153.159 106.617
      18 153.02 106.449
      19 152.643 106.115
      20 152.612 106.093
      21 152.564 106.06
      22 152.811 106.159
      23 152.871 106.201
      24 23.3456 0
      25 -0 -0
      26 -0 -0
      27 -0 -0
      28 -0 -0
      29 -0 -0
      30 -0 -0
      31 -0 -0
      32 -0 -0
      33 -0 -0
      34 -0 -0
      35 -0 -0
      36 -0 -0
      37 -0 -0
      38 -0 -0
      39 -0 -0
#node_id rate rate_without_head
       0 138.819 113.819
       1 158.516 112.629
       2 156.394 110.869
       3 155.917 110.394
       4 155.028 109.636
       5 154.255 108.951
       6 153.903 108.565
       7 153.744 108.241
       8 153.392 107.921
       9 153.041 107.535
      10 152.849 107.26
      11 152.89 107.217
      12 152.846 107.186
      13 152.607 106.95
      14 152.532 106.682
      15 152.965 106.84
      16 153.042 106.75
      17 153.005 106.724
      18 152.763 106.413
      19 152.931 106.459
      20 152.995 106.503
      21 152.854 106.405
      22 152.65 106.192
      23 152.613 106.166
      24 152.418 105.958
      25 152.535 106.04
      26 23.2987 0
      27 -0 -0
      28 -0 -0
      29 -0 -0
      30 -0 -0
      31 -0 -0
      32 -0 -0
      33 -0 -0
      34 -0 -0
      35 -0 -0
      36 -0 -0
      37 -0 -0
      38 -0 -0
      39 -0 -0
