2016年 06月 01日 星期三 21:31:45 CST
--- Simulation sequence:1 ---
#node_id rate rate_without_head
       0 199.418 163.618
       1 204.711 167.961
       2 476.608 331.515
       3 35.7997 0
       4 36.778 0


--- Simulation sequence:2 ---
#node_id rate rate_without_head
       0 115.387 94.6689
       1 106.073 87.0171
       2 242.089 168.926
       3 241.627 168.46
       4 20.5539 0
       5 18.5416 0


--- Simulation sequence:3 ---
#node_id rate rate_without_head
       0 134.576 110.414
       1 54.3891 44.6171
       2 207.415 144.251
       3 207.465 144.298
       4 207.312 144.141
       5 24.2876 0
       6 9.8315 0


--- Simulation sequence:4 ---
#node_id rate rate_without_head
       0 50.2893 41.2545
       1 119.549 98.0841
       2 193.83 134.75
       3 193.9 134.83
       4 193.751 134.683
       5 193.564 134.477
       6 9.16717 0
       7 21.7218 0


--- Simulation sequence:5 ---
#node_id rate rate_without_head
       0 108.291 88.8466
       1 80.9425 66.3874
       2 180.863 125.572
       3 180.952 125.659
       4 180.877 125.582
       5 180.952 125.628
       6 180.941 125.595
       7 19.7297 0
       8 14.782 0


--- Simulation sequence:6 ---
#node_id rate rate_without_head
       0 48.0153 39.3803
       1 101.065 82.9171
       2 170.471 118.73
       3 170.695 118.931
       4 170.426 118.698
       5 170.546 118.77
       6 170.438 118.681
       7 170.402 118.598
       8 8.80685 0
       9 17.995 0


--- Simulation sequence:7 ---
#node_id rate rate_without_head
       0 51.3214 42.1024
       1 86.2851 70.7905
       2 161.606 112.257
       3 161.177 111.984
       4 160.981 111.823
       5 160.748 111.579
       6 160.675 111.541
       7 160.626 111.462
       8 160.654 111.469
       9 9.38767 0
      10 15.5435 0


--- Simulation sequence:8 ---
#node_id rate rate_without_head
       0 79.1273 64.9175
       1 112.766 92.4909
       2 150.026 104.479
       3 149.973 104.436
       4 149.828 104.31
       5 149.824 104.308
       6 149.787 104.262
       7 149.761 104.238
       8 149.79 104.265
       9 149.774 104.241
      10 14.0296 0
      11 20.4875 0


--- Simulation sequence:9 ---
#node_id rate rate_without_head
       0 121.059 99.3231
       1 14.4314 11.7408
       2 147.643 102.563
       3 147.267 102.245
       4 146.865 101.921
       5 146.77 101.836
       6 146.708 101.78
       7 146.718 101.788
       8 146.799 101.869
       9 146.772 101.844
      10 146.769 101.842
      11 21.8609 0
      12 3.10743 0


--- Simulation sequence:10 ---
#node_id rate rate_without_head
       0 41.6214 34.1435
       1 98.0363 80.4312
       2 145.999 101.558
       3 145.792 101.389
       4 145.83 101.428
       5 145.827 101.426
       6 145.833 101.424
       7 145.804 101.397
       8 145.819 101.395
       9 145.82 101.352
      10 145.945 101.432
      11 145.983 101.408
      12 7.45508 0
      13 16.8843 0


--- Simulation sequence:11 ---
#node_id rate rate_without_head
       0 61.9031 50.7848
       1 55.1181 45.2171
       2 133.478 93.1965
       3 133.382 93.117
       4 133.288 93.0394
       5 133.057 92.8467
       6 133.661 92.7719
       7 133.579 92.7339
       8 133.5 92.654
       9 133.547 92.6992
      10 133.594 92.7448
      11 133.474 92.6232
      12 133.479 92.6264
      13 11.2241 0
      14 9.95095 0


--- Simulation sequence:12 ---
#node_id rate rate_without_head
       0 71.2495 58.4535
       1 43.8645 35.9835
       2 130.265 91.4351
       3 130.169 91.3554
       4 129.98 91.1927
       5 130.045 91.2375
       6 130.023 91.2414
       7 129.944 91.1614
       8 130.032 91.2477
       9 129.995 91.2096
      10 130.064 91.2133
      11 130.124 91.2171
      12 130.133 91.1791
      13 130.248 91.183
      14 12.7268 0
      15 7.12914 0


--- Simulation sequence:13 ---
#node_id rate rate_without_head
       0 36.8989 30.2602
       1 95.4941 78.3455
       2 137.273 95.7086
       3 136.99 95.4739
       4 136.834 95.3466
       5 136.429 94.9891
       6 136.366 94.9455
       7 136.29 94.8608
       8 136.341 94.9344
       9 136.451 95.0232
      10 136.481 95.038
      11 136.462 94.9871
      12 136.421 94.9015
      13 136.467 94.9148
      14 136.431 94.8768
      15 6.5454 0
      16 17.2027 0


--- Simulation sequence:14 ---
#node_id rate rate_without_head
       0 33.7674 27.6979
       1 64.0578 52.5528
       2 109.212 76.2576
       3 109.059 76.1317
       4 108.98 76.0646
       5 109.025 76.1086
       6 108.724 75.8546
       7 108.828 75.9019
       8 108.631 75.7714
       9 108.759 75.8541
      10 108.652 75.7793
      11 108.683 75.7381
      12 108.693 75.6883
      13 108.731 75.6955
      14 108.757 75.657
      15 108.819 75.6626
      16 6.05882 0
      17 11.4729 0


--- Simulation sequence:15 ---
#node_id rate rate_without_head
       0 43.1714 35.4144
       1 58.971 48.379
       2 114.772 80.4685
       3 114.603 80.3316
       4 114.686 80.3955
       5 114.328 80.1025
       6 114.395 80.1425
       7 114.231 80.0157
       8 113.669 79.4978
       9 113.686 79.4593
      10 113.639 79.4205
      11 113.717 79.4235
      12 113.707 79.3852
      13 113.73 79.3885
      14 113.752 79.3913
      15 113.691 79.3107
      16 113.75 79.3142
      17 7.29412 0
      18 10.536 0


--- Simulation sequence:16 ---
#node_id rate rate_without_head
       0 67.5132 55.388
       1 41.3564 33.9258
       2 125.836 88.4526
       3 125.841 88.4564
       4 125.644 88.2942
       5 125.254 87.9658
       6 125.154 87.8775
       7 125.32 88.0122
       8 125.254 87.9281
       9 125.401 88.0623
      10 125.287 87.9828
      11 125.335 88.016
      12 125.046 87.7205
      13 125.091 87.6822
      14 125.152 87.6935
      15 125.158 87.6091
      16 125.228 87.6073
      17 125.292 87.6077
      18 11.9389 0
      19 7.84487 0


--- Simulation sequence:17 ---
#node_id rate rate_without_head
       0 60.805 49.8839
       1 45.8245 37.5922
       2 124.06 87.3056
       3 123.755 87.0554
       4 123.652 86.9711
       5 123.461 86.8135
       6 123.42 86.7788
       7 123.09 86.4983
       8 122.878 86.3196
       9 122.634 86.1248
      10 122.531 86.0276
      11 120.42 84.2753
      12 120.422 84.2322
      13 120.442 84.1894
      14 120.443 84.1464
      15 120.522 84.1446
      16 120.524 84.1016
      17 120.563 84.0907
      18 120.625 84.0958
      19 10.7336 0
      20 7.6821 0


--- Simulation sequence:18 ---
#node_id rate rate_without_head
       0 88.7803 72.82
       1 86.3062 70.8079
       2 131.838 91.9976
       3 131.736 91.9077
       4 131.558 91.7582
       5 131.593 91.7887
       6 131.403 91.6317
       7 131.218 91.4713
       8 131.231 91.4744
       9 131.259 91.506
      10 131.029 91.3019
      11 131.08 91.3504
      12 131.035 91.3125
      13 131.04 91.316
      14 131.035 91.3128
      15 131.11 91.3078
      16 131.096 91.2731
      17 131.207 91.3248
      18 131.239 91.3221
      19 131.268 91.3168
      20 16.111 0
      21 15.2679 0


--- Simulation sequence:19 ---
#node_id rate rate_without_head
       0 13.449 10.9874
       1 101.616 83.37
       2 126.983 88.5571
       3 126.791 88.3982
       4 126.714 88.3255
       5 126.357 88.033
       6 126.354 88.0312
       7 126.209 87.9047
       8 126.138 87.8491
       9 126.05 87.7691
      10 125.963 87.6958
      11 125.867 87.6166
      12 125.834 87.5806
      13 125.889 87.6253
      14 125.943 87.6697
      15 125.925 87.6317
      16 125.925 87.5934
      17 125.966 87.5972
      18 126.03 87.5912
      19 126.064 87.5893
      20 126.023 87.5165
      21 2.45063 0
      22 18.2115 0


--- Simulation sequence:20 ---
#node_id rate rate_without_head
       0 10.2099 8.35084
       1 103.451 84.8753
       2 128.018 89.4342
       3 127.746 89.2011
       4 127.584 89.0632
       5 127.347 88.8541
       6 127.193 88.7281
       7 127.089 88.643
       8 126.705 88.3255
       9 126.626 88.2457
      10 126.714 88.3321
      11 126.492 88.1397
      12 126.584 88.2165
      13 126.451 88.0856
      14 126.603 88.185
      15 126.57 88.0928
      16 126.611 88.09
      17 126.594 88.0338
      18 126.64 88.0218
      19 126.716 88.0618
      20 126.702 88.0267
      21 126.718 88.0318
      22 1.83278 0
      23 18.3955 0


