1 5.06
2 6.8
3 4.22
4 7.18
5 4.38
6 4.5
7 7.48
8 4.5
9 4.47
10 4.26
11 7.37
12 5.6
13 4.92
14 4.39
15 4.25
16 7.46
17 5.08
18 5.61
19 4.62
20 4.32
21 4.24
22 7.53
23 5.31
24 5.24
25 5.49
26 4.58
27 4.32
28 4.24
29 7.43
30 5.48
31 5.38
32 5.23
33 5.38
34 4.57
35 4.33
36 4.24
37 7.47
38 5.37
39 5.52
40 5.2
41 5.07
42 5.17
43 4.51
44 4.33
45 4.23
46 7.43
47 5.46
48 5.63
49 5.52
50 5.02
51 4.96
52 5.06
53 4.5
54 4.33
55 4.22
56 7.52
57 5.46
58 5.58
59 5.48
60 5.24
61 4.98
62 4.96
63 5.11
64 4.53
65 4.33
66 4.23
67 7.49
68 5.47
69 5.67
70 5.53
71 5.29
72 5.16
73 4.94
74 4.89
75 5.07
76 4.52
77 4.35
78 4.23
79 7.5
80 5.44
81 5.61
82 5.52
83 5.3
84 5.22
85 5.09
86 4.83
87 4.9
88 5.04
89 4.49
90 4.35
91 4.22
92 7.54
93 5.36
94 5.65
95 5.58
96 5.44
97 5.28
98 5.22
99 5.17
100 4.9
101 4.95
102 5.06
103 4.51
104 4.35
105 4.22
