#       flow   flowType   src   dst            time         throughput

           0        tcp     0     2         1.20183            284.116
           0        tcp     0     2         1.40956            315.491
           0        tcp     0     2         1.61102             365.97
           0        tcp     0     2         1.81377            343.429
           0        tcp     0     2         2.02166            354.661
           0        tcp     0     2         2.22368            344.674
           0        tcp     0     2         2.42647            343.374
           0        tcp     0     2         2.63558            352.578
           0        tcp     0     2         2.84647            349.596
           0        tcp     0     2         3.05413            355.049
           0        tcp     0     2         3.26802            344.703
           0        tcp     0     2         3.47264            360.311
           0        tcp     0     2         3.68276            370.375
           0        tcp     0     2         3.89355            349.778
           0        tcp     0     2         4.10243            333.357
           0        tcp     0     2         4.30388            345.646
           0        tcp     0     2         4.50932            358.896
           0        tcp     0     2         4.70958            368.155
           0        tcp     0     2         4.91109             345.55
           0        tcp     0     2         5.11601            339.794
           0        tcp     0     2         5.32697            349.488
           0        tcp     0     2         5.53495            354.502
           0        tcp     0     2         5.74075            338.346
           0        tcp     0     2         5.94348            343.468
           0        tcp     0     2         6.15066            355.877
           0        tcp     0     2         6.35409            382.554
           0        tcp     0     2         6.56062            356.987
           0        tcp     0     2          6.7725            309.305
           0        tcp     0     2         6.97446            365.056
           0        tcp     0     2         7.17689            364.213
           0        tcp     0     2         7.38759            349.916
           0        tcp     0     2         7.59603            334.068
           0        tcp     0     2         7.81037            343.983
           0        tcp     0     2         8.01094            347.162
           0        tcp     0     2           8.219             334.67
           0        tcp     0     2         8.43087            347.986
           0        tcp     0     2          8.6336            343.471
           0        tcp     0     2         8.84689            345.674
           0        tcp     0     2         9.06264            360.717
           0        tcp     0     2         9.26864            357.894
           0        tcp     0     2         9.47268            361.354
           0        tcp     0     2         9.67618            342.174
           0        tcp     0     2         9.89234            360.026
           0        tcp     0     2         10.0946            364.579
           0        tcp     0     2         10.2957            346.273
           0        tcp     0     2         10.5074            348.172
           0        tcp     0     2         10.7087            345.876
           0        tcp     0     2          10.918            352.269
           0        tcp     0     2         11.1265            353.659
           0        tcp     0     2         11.3319            358.914
           0        tcp     0     2         11.5344            364.165
           0        tcp     0     2         11.7402            358.291
           0        tcp     0     2         11.9444            340.842
           0        tcp     0     2         12.1582            344.906
           0        tcp     0     2         12.3637            358.782
           0        tcp     0     2         12.5727            352.736
           0        tcp     0     2         12.7736            346.604
           0        tcp     0     2         12.9774            341.761
           0        tcp     0     2         13.1863            352.795
           0        tcp     0     2         13.3927            337.492
           0        tcp     0     2         13.6016            352.801
           0        tcp     0     2         13.8111            351.973
           0        tcp     0     2         14.0161            359.605
           0        tcp     0     2         14.2189            363.577
           0        tcp     0     2         14.4387             335.52
           0        tcp     0     2         14.6422              362.3
           0        tcp     0     2         14.8483            357.688
           0        tcp     0     2         15.0514             342.87
           0        tcp     0     2         15.2595            354.205
           0        tcp     0     2         15.4673            354.809
           0        tcp     0     2         15.6677            347.437
           0        tcp     0     2         15.8787            330.105
           0        tcp     0     2           16.09            348.817
           0        tcp     0     2         16.3004            350.517
           0        tcp     0     2         16.5109            369.766
           0        tcp     0     2         16.7207            351.352
           0        tcp     0     2         16.9212            367.742
           0        tcp     0     2         17.1255            360.826
           0        tcp     0     2         17.3355            351.155
           0        tcp     0     2         17.5386            342.889
           0        tcp     0     2         17.7394            346.692
           0        tcp     0     2         17.9414            344.659
           0        tcp     0     2         18.1464            359.767
           0        tcp     0     2         18.3471            346.939
           0        tcp     0     2         18.5558             353.22
           0        tcp     0     2         18.7663            350.327
           0        tcp     0     2         18.9694            342.824
           0        tcp     0     2         19.1772            374.507
           0        tcp     0     2          19.388            349.778
           0        tcp     0     2         19.5989            349.435
           0        tcp     0     2         19.8047            338.411
           0        tcp     0     2         20.0065            324.765
           0        tcp     0     2         20.2166            350.952
           0        tcp     0     2         20.4185            344.879
           0        tcp     0     2         20.6266            354.247
           0        tcp     0     2         20.8289             364.52
           0        tcp     0     2          21.032            342.803
           0        tcp     0     2         21.2409            352.909
           0        tcp     0     2         21.4545            326.075
           0        tcp     0     2         21.6581            382.228
           0        tcp     0     2         21.8704            347.156
           0        tcp     0     2         22.0798            352.113
           0        tcp     0     2         22.2813            345.643
           0        tcp     0     2         22.4939             346.69
           0        tcp     0     2         22.6941            347.906
           0        tcp     0     2          22.896            365.226
           0        tcp     0     2         23.1052            352.354
           0        tcp     0     2         23.3157            330.793
           0        tcp     0     2         23.5197            361.413
           0        tcp     0     2          23.721             366.29
           0        tcp     0     2         23.9255            360.475
           0        tcp     0     2         24.1285            322.843
           0        tcp     0     2         24.3314            343.295
           0        tcp     0     2         24.5332            365.223
           0        tcp     0     2         24.7445            348.942
           0        tcp     0     2         24.9554             349.55
           0        tcp     0     2         25.1627             355.69
           0        tcp     0     2         25.3682            338.845
           0        tcp     0     2          25.569            346.787
           0        tcp     0     2         25.7706            345.392
           0        tcp     0     2         25.9811            350.253
           0        tcp     0     2         26.1919            349.728
           0        tcp     0     2         26.4126            352.667
           0        tcp     0     2         26.6153            363.761
           0        tcp     0     2         26.8181            343.297
           0        tcp     0     2         27.0221            341.388
           0        tcp     0     2         27.2283            337.602
           0        tcp     0     2         27.4343            358.047
           0        tcp     0     2         27.6409            356.722
           0        tcp     0     2         27.8442            362.781
           0        tcp     0     2         28.0483            341.133
           0        tcp     0     2         28.2492             366.98
           0        tcp     0     2         28.4512            344.722
           0        tcp     0     2         28.6522             366.77
           0        tcp     0     2         28.8566            340.725
           0        tcp     0     2         29.0647            354.238
           0        tcp     0     2         29.2733            353.462
           0        tcp     0     2         29.4787            338.987
           0        tcp     0     2         29.6823            362.142
           0        tcp     0     2         29.8838             345.61
           0        tcp     0     2         30.0915            354.896
           0        tcp     0     2         30.3003             353.13
           0        tcp     0     2         30.5019             345.43
           0        tcp     0     2         30.7107            352.995
           0        tcp     0     2         30.9179            355.906
           0        tcp     0     2         31.1248            376.089
           0        tcp     0     2         31.3298            359.625
           0        tcp     0     2         31.5338            321.249
           0        tcp     0     2         31.7374            362.198
           0        tcp     0     2         31.9419            360.535
           0        tcp     0     2         32.1431            346.111
           0        tcp     0     2         32.3436            347.185
           0        tcp     0     2          32.553            332.622
           0        tcp     0     2         32.7532            347.705
           0        tcp     0     2         32.9615            353.992
           0        tcp     0     2         33.1649            342.455
           0        tcp     0     2         33.3681            342.635
           0        tcp     0     2         33.5681            348.123
           0        tcp     0     2         33.7708            363.711
           0        tcp     0     2         33.9709            348.055
           0        tcp     0     2         34.1712            367.955
           0        tcp     0     2         34.3769            338.528
           0        tcp     0     2         34.5911            363.438
           0        tcp     0     2         34.8058             343.42
           0        tcp     0     2         35.0191            345.534
           0        tcp     0     2         35.2261            376.051
           0        tcp     0     2         35.4308            360.147
           0        tcp     0     2         35.6348             341.34
           0        tcp     0     2         35.8373             343.87
           0        tcp     0     2          36.043            338.498
           0        tcp     0     2         36.2479            359.807
           0        tcp     0     2         36.4582            350.509
           0        tcp     0     2         36.6597            345.698
           0        tcp     0     2         36.8714            348.188
           0        tcp     0     2         37.0789             355.29
           0        tcp     0     2         37.2801             366.45
           0        tcp     0     2         37.4919            348.077
           0        tcp     0     2         37.6964            340.541
           0        tcp     0     2         37.9056            372.038
           0        tcp     0     2          38.106            347.442
           0        tcp     0     2         38.3085            364.095
           0        tcp     0     2         38.5191            330.696
           0        tcp     0     2         38.7209            365.371
           0        tcp     0     2         38.9317            349.756
           0        tcp     0     2         39.1442            346.852
           0        tcp     0     2         39.3519            315.635
           0        tcp     0     2         39.5655            345.179
           0        tcp     0     2         39.7804            362.001
           0        tcp     0     2         39.9881            374.837
           0        tcp     0     2         40.1934            259.252
           0        tcp     0     2         40.4236            284.772
           0        tcp     0     2          40.631            256.691
           0        tcp     0     2         40.8524            222.044
           0        tcp     0     2         41.0543            223.161
           0        tcp     0     2         41.2575            181.407
           0        tcp     0     2         41.4655            118.155
           0        tcp     0     2         41.6791            191.759
           0        tcp     0     2         41.9101            124.093
           0        tcp     0     2         42.1281            281.845
           0        tcp     0     2           42.33            284.139
           0        tcp     0     2         42.5305            224.665
           0        tcp     0     2         42.7378            276.675
           0        tcp     0     2         42.9478            273.042
           0        tcp     0     2         43.1736            199.479
           0        tcp     0     2         43.3737              225.2
           0        tcp     0     2         43.5778            140.528
           0        tcp     0     2         43.7834            219.047
           0        tcp     0     2         44.0104            216.582
           0        tcp     0     2         44.2173            237.535
           0        tcp     0     2         44.4224             219.66
           0        tcp     0     2         44.6243            202.953
           0        tcp     0     2         44.8344            292.305
           0        tcp     0     2         45.0412            257.559
           0        tcp     0     2         45.2444             322.51
           0        tcp     0     2         45.4623             338.36
           0        tcp     0     2         45.6657            261.736
           0        tcp     0     2         45.8694            321.708
           0        tcp     0     2         46.0788            332.556
           0        tcp     0     2          46.285            278.121
           0        tcp     0     2         46.5022            245.148
           0        tcp     0     2         46.7101            275.876
           0        tcp     0     2         46.9113            305.321
           0        tcp     0     2         47.1121            326.467
           0        tcp     0     2         47.3213            274.098
           0        tcp     0     2         47.5549            245.405
           0        tcp     0     2          47.781            253.673
           0        tcp     0     2         47.9813             265.89
           0        tcp     0     2         48.1845            261.986
           0        tcp     0     2         48.3938            273.919
           0        tcp     0     2          48.595            244.292
           0        tcp     0     2         48.8035            275.127
           0        tcp     0     2         49.0105            257.248
           0        tcp     0     2           49.22            214.998
           0        tcp     0     2         49.4524            211.483
           0        tcp     0     2         49.6736            259.323
           0        tcp     0     2         49.8834            273.254
           0        tcp     0     2         50.0947            290.872
           0        tcp     0     2         50.3025            315.291
           0        tcp     0     2         50.5137            290.884
           0        tcp     0     2         50.7301            302.887
           0        tcp     0     2         50.9374            276.586
           0        tcp     0     2           51.14            283.081
           0        tcp     0     2         51.3489            294.188
           0        tcp     0     2         51.5794            248.688
           0        tcp     0     2         51.7897            272.746
           0        tcp     0     2         51.9916            324.591
           0        tcp     0     2         52.2059            267.625
           0        tcp     0     2         52.4281            257.993
           0        tcp     0     2         52.6403            250.999
           0        tcp     0     2          52.847            158.482
           0        tcp     0     2         53.0539             237.64
           0        tcp     0     2         53.2723            187.545
           0        tcp     0     2         53.4839             212.92
           0        tcp     0     2         53.6857            263.793
           0        tcp     0     2         53.8917            258.531
           0        tcp     0     2         54.1078            227.417
           0        tcp     0     2         54.3098            263.674
           0        tcp     0     2         54.5161            277.865
           0        tcp     0     2          54.719            262.455
           0        tcp     0     2         54.9224            281.987
           0        tcp     0     2         55.1332            310.903
           0        tcp     0     2         55.3386            299.059
           0        tcp     0     2         55.5413            303.154
           0        tcp     0     2         55.7559            267.237
           0        tcp     0     2          55.959            262.118
           0        tcp     0     2         56.1706            212.972
           0        tcp     0     2         56.4015             248.34
           0        tcp     0     2         56.6067            279.421
           0        tcp     0     2         56.8236            321.049
           0        tcp     0     2         57.0319            334.348
           0        tcp     0     2          57.243            329.777
           0        tcp     0     2         57.4475            280.465
           0        tcp     0     2         57.6617            305.965
           0        tcp     0     2         57.8739            289.548
           0        tcp     0     2         58.0868            269.237
           0        tcp     0     2         58.2984            271.014
           0        tcp     0     2         58.5094            271.793
           0        tcp     0     2         58.7141            220.093
           0        tcp     0     2         58.9189                280
           0        tcp     0     2         59.1256            277.455
           0        tcp     0     2         59.3337            236.207
           0        tcp     0     2         59.5579            200.974
           0        tcp     0     2         59.7638            218.839
           0        tcp     0     2         59.9696            238.858
           0        tcp     0     2         60.1803            233.179
           0        tcp     0     2         60.3862            318.288
           0        tcp     0     2         60.5952            313.702
           0        tcp     0     2         60.8045            332.642
           0        tcp     0     2           61.02            285.027
           0        tcp     0     2         61.2261            238.545
           0        tcp     0     2         61.4329            198.046
           0        tcp     0     2         61.6739            220.995
           0        tcp     0     2         61.8845            213.874
           0        tcp     0     2         62.0936            235.125
           0        tcp     0     2         62.3018            255.689
           0        tcp     0     2         62.5168            304.916
           0        tcp     0     2         62.7304             345.04
           0        tcp     0     2         62.9449            286.436
           0        tcp     0     2         63.1457             326.39
           0        tcp     0     2         63.3634            282.272
           0        tcp     0     2          63.566            303.275
           0        tcp     0     2         63.7698            261.277
           0        tcp     0     2         63.9705            244.846
           0        tcp     0     2         64.1734             322.99
           0        tcp     0     2         64.3857              289.4
           0        tcp     0     2         64.6058            297.752
           0        tcp     0     2         64.8104            360.488
           0        tcp     0     2         65.0222            290.093
           0        tcp     0     2         65.2238            304.746
           0        tcp     0     2         65.4363            269.781
           0        tcp     0     2         65.6416            279.358
           0        tcp     0     2         65.8429            284.837
           0        tcp     0     2         66.0539            291.237
           0        tcp     0     2         66.2562            283.421
           0        tcp     0     2         66.4611              299.8
           0        tcp     0     2         66.6629            284.222
           0        tcp     0     2          66.864            264.801
           0        tcp     0     2         67.0738             292.78
           0        tcp     0     2         67.2812            256.812
           0        tcp     0     2         67.4941            230.861
           0        tcp     0     2         67.7036            254.179
           0        tcp     0     2         67.9039            245.396
           0        tcp     0     2         68.1188            266.811
           0        tcp     0     2         68.3197            264.984
           0        tcp     0     2         68.5248             219.75
           0        tcp     0     2         68.7454            241.366
           0        tcp     0     2         68.9663             259.54
           0        tcp     0     2         69.1757            195.639
           0        tcp     0     2         69.3814            179.175
           0        tcp     0     2         69.5908             293.52
           0        tcp     0     2         69.8104            279.724
           0        tcp     0     2         70.0211             272.22
           0        tcp     0     2         70.2459            291.525
           0        tcp     0     2         70.4479            263.603
           0        tcp     0     2         70.6555            236.738
           0        tcp     0     2          70.868            231.275
           0        tcp     0     2         71.0686            204.209
           0        tcp     0     2         71.2741            278.984
           0        tcp     0     2         71.5083            227.436
           0        tcp     0     2         71.7169            274.826
           0        tcp     0     2         71.9206            201.137
           0        tcp     0     2         72.1224            202.896
           0        tcp     0     2         72.3287            158.871
           0        tcp     0     2         72.5388            272.957
           0        tcp     0     2         72.7457              316.7
           0        tcp     0     2         72.9549            274.126
           0        tcp     0     2          73.161            298.053
           0        tcp     0     2         73.3856            310.076
           0        tcp     0     2         73.5884            303.011
           0        tcp     0     2         73.8261            258.421
           0        tcp     0     2         74.0369            272.086
           0        tcp     0     2         74.2423            239.324
           0        tcp     0     2         74.4546            250.749
           0        tcp     0     2         74.6573            282.874
           0        tcp     0     2         74.8619            300.405
           0        tcp     0     2         75.0649            302.582
           0        tcp     0     2         75.2733            314.442
           0        tcp     0     2         75.4784            299.529
           0        tcp     0     2         75.6841            278.895
           0        tcp     0     2         75.8846            224.647
           0        tcp     0     2         76.0928            236.066
           0        tcp     0     2         76.2936            285.685
           0        tcp     0     2         76.4953            243.676
           0        tcp     0     2         76.7106            266.306
           0        tcp     0     2         76.9191            176.811
           0        tcp     0     2         77.1321            269.243
           0        tcp     0     2         77.3475            247.162
           0        tcp     0     2         77.5541            218.146
           0        tcp     0     2         77.7667             250.38
           0        tcp     0     2          77.972            259.379
           0        tcp     0     2         78.1848            307.929
           0        tcp     0     2         78.3972            308.683
           0        tcp     0     2         78.6048            256.438
           0        tcp     0     2         78.8176             250.21
           0        tcp     0     2         79.0235            298.394
           0        tcp     0     2         79.2281            260.237
           0        tcp     0     2         79.4426            248.308
           0        tcp     0     2         79.6494                297
           0        tcp     0     2         79.8548            259.306
           0        tcp     0     2         80.0549            225.193
           0        tcp     0     2         80.2642            215.214
           0        tcp     0     2         80.4667            182.071
           0        tcp     0     2         80.6776            271.855
           0        tcp     0     2         80.8838            198.683
           0        tcp     0     2         81.1011            207.326
           0        tcp     0     2          81.303            324.637
           0        tcp     0     2         81.5176            324.452
           0        tcp     0     2         81.7228            279.382
           0        tcp     0     2         81.9293            337.321
           0        tcp     0     2         82.1399            311.187
           0        tcp     0     2         82.3521             289.44
           0        tcp     0     2         82.5534            305.262
           0        tcp     0     2         82.7603            336.522
           0        tcp     0     2         82.9606            327.263
           0        tcp     0     2         83.1621            304.852
           0        tcp     0     2         83.3698             335.25
           0        tcp     0     2         83.5707            326.305
           0        tcp     0     2          83.775            280.584
           0        tcp     0     2         83.9931            244.142
           0        tcp     0     2         84.2059            231.077
           0        tcp     0     2         84.4213            209.134
           0        tcp     0     2           84.63            215.922
           0        tcp     0     2         84.8312            244.298
           0        tcp     0     2         85.0531            239.895
           0        tcp     0     2         85.2611            256.056
           0        tcp     0     2         85.4673            317.785
           0        tcp     0     2         85.6693            304.112
           0        tcp     0     2         85.8761            336.684
           0        tcp     0     2         86.0895            268.752
           0        tcp     0     2         86.2906            305.539
           0        tcp     0     2         86.4966            218.683
           0        tcp     0     2         86.7006            241.032
           0        tcp     0     2         86.9046             301.16
           0        tcp     0     2         87.1205            322.473
           0        tcp     0     2         87.3279            315.941
           0        tcp     0     2         87.5469            280.642
           0        tcp     0     2         87.7483            264.403
           0        tcp     0     2         87.9604            270.348
           0        tcp     0     2         88.1605            266.096
           0        tcp     0     2           88.37            293.221
           0        tcp     0     2         88.5727            242.477
           0        tcp     0     2         88.7746            263.761
           0        tcp     0     2         88.9931            243.673
           0        tcp     0     2         89.2063            288.179
           0        tcp     0     2         89.4128            277.712
           0        tcp     0     2         89.6201            237.148
           0        tcp     0     2          89.849            232.596
           0        tcp     0     2          90.053            281.082
           0        tcp     0     2         90.2674            305.738
           0        tcp     0     2         90.4737            337.399
           0        tcp     0     2         90.6755            304.459
           0        tcp     0     2         90.8762            347.023
           0        tcp     0     2         91.0762            307.138
           0        tcp     0     2          91.283            316.999
           0        tcp     0     2         91.4895            277.718
           0        tcp     0     2         91.6958            218.323
           0        tcp     0     2         91.9263            213.305
           0        tcp     0     2         92.1468            241.434
           0        tcp     0     2         92.3516            319.999
           0        tcp     0     2         92.5598              216.4
           0        tcp     0     2         92.7634            261.601
           0        tcp     0     2         92.9775            248.641
           0        tcp     0     2         93.1857            295.145
           0        tcp     0     2         93.3903            260.187
           0        tcp     0     2         93.6067            246.127
           0        tcp     0     2         93.8072             265.52
           0        tcp     0     2         94.0086            223.755
           0        tcp     0     2         94.2149            258.113
           0        tcp     0     2         94.4295            267.257
           0        tcp     0     2         94.6313            223.254
           0        tcp     0     2         94.8423            232.964
           0        tcp     0     2         95.0457            302.037
           0        tcp     0     2         95.2497            301.174
           0        tcp     0     2         95.4765            306.944
           0        tcp     0     2          95.679            323.699
           0        tcp     0     2         95.8878            274.563
           0        tcp     0     2         96.1016              287.4
           0        tcp     0     2         96.3018            327.435
           0        tcp     0     2         96.5083             317.38
           0        tcp     0     2         96.7207            289.184
           0        tcp     0     2         96.9263            318.858
           0        tcp     0     2         97.1395            249.683
           0        tcp     0     2         97.3427            262.049
           0        tcp     0     2         97.5579            266.441
           0        tcp     0     2         97.7672            313.129
           0        tcp     0     2         97.9891            258.508
           0        tcp     0     2         98.1952            297.999
           0        tcp     0     2         98.4375            219.804
           0        tcp     0     2         98.6525             228.57
           0        tcp     0     2         98.8591            257.787
           0        tcp     0     2         99.0892            302.569
           0        tcp     0     2          99.299            273.397
           0        tcp     0     2         99.4995            326.792
           0        tcp     0     2         99.7093            312.419
           0        tcp     0     2         99.9288            261.292
           0        tcp     0     2         100.132            281.897
           0        tcp     0     2          100.35            263.014
           0        tcp     0     2         100.552            284.457
           0        tcp     0     2         100.754            222.776
           0        tcp     0     2         100.958            281.568
           0        tcp     0     2         101.165            237.589
           0        tcp     0     2         101.374            333.024
           0        tcp     0     2         101.577            281.607
           0        tcp     0     2         101.787            292.745
           0        tcp     0     2         102.024            224.747
           0        tcp     0     2         102.244            205.104
           0        tcp     0     2         102.451            237.065
           0        tcp     0     2          102.66            333.768
           0        tcp     0     2         102.876            322.274
           0        tcp     0     2         103.079             281.76
           0        tcp     0     2         103.282            344.338
           0        tcp     0     2         103.487            318.219
           0        tcp     0     2         103.694            336.496
           0        tcp     0     2         103.911            283.863
           0        tcp     0     2         104.121            311.487
           0        tcp     0     2         104.325            301.812
           0        tcp     0     2         104.526            285.217
           0        tcp     0     2         104.741            305.237
           0        tcp     0     2         104.947            217.959
           0        tcp     0     2          105.15            282.363
           0        tcp     0     2         105.356             219.25
           0        tcp     0     2         105.559            262.597
           0        tcp     0     2         105.765            237.926
           0        tcp     0     2         105.976            272.222
           0        tcp     0     2         106.183            217.798
           0        tcp     0     2         106.393            233.746
           0        tcp     0     2         106.603            292.848
           0        tcp     0     2         106.804             224.01
           0        tcp     0     2         107.004            286.061
           0        tcp     0     2         107.217            307.761
           0        tcp     0     2          107.42            303.316
           0        tcp     0     2         107.623             302.03
           0        tcp     0     2         107.825            346.038
           0        tcp     0     2         108.032            315.881
           0        tcp     0     2         108.233            325.533
           0        tcp     0     2         108.441             316.34
           0        tcp     0     2         108.649            275.053
           0        tcp     0     2         108.858            274.753
           0        tcp     0     2         109.067            254.882
           0        tcp     0     2         109.281            229.591
           0        tcp     0     2         109.489            255.779
           0        tcp     0     2         109.697            236.552
           0        tcp     0     2          109.91            230.748
           0        tcp     0     2         110.117            256.344
           0        tcp     0     2         110.325            334.727
           0        tcp     0     2         110.542            283.342
           0        tcp     0     2         110.744            243.885
           0        tcp     0     2         110.966            239.322
           0        tcp     0     2         111.185            262.604
           0        tcp     0     2         111.402            245.429
           0        tcp     0     2         111.605            241.972
           0        tcp     0     2         111.805            245.659
           0        tcp     0     2         112.013            276.036
           0        tcp     0     2         112.217            301.092
           0        tcp     0     2          112.43            249.529
           0        tcp     0     2         112.643            249.778
           0        tcp     0     2         112.853            292.894
           0        tcp     0     2         113.054            264.823
           0        tcp     0     2         113.258            240.639
           0        tcp     0     2         113.467            235.031
           0        tcp     0     2         113.668            204.047
           0        tcp     0     2         113.879            272.575
           0        tcp     0     2         114.101            276.724
           0        tcp     0     2         114.304            282.269
           0        tcp     0     2         114.511            217.329
           0        tcp     0     2         114.731             204.96
           0        tcp     0     2         114.938            158.229
           0        tcp     0     2         115.151            115.465
           0        tcp     0     2         115.359            117.961
           0        tcp     0     2          115.58            148.344
           0        tcp     0     2           115.8            149.081
           0        tcp     0     2         116.009            137.089
           0        tcp     0     2         116.322            117.712
           0        tcp     0     2         116.558            104.116
           0        tcp     0     2         116.764             159.08
           0        tcp     0     2         116.981            245.186
           0        tcp     0     2         117.183            284.364
           0        tcp     0     2         117.394             252.19
           0        tcp     0     2          117.61            190.195
           0        tcp     0     2         117.821            193.349
           0        tcp     0     2         118.045             201.41
           0        tcp     0     2         118.255            234.031
           0        tcp     0     2         118.462            217.343
           0        tcp     0     2         118.667            180.036
           0        tcp     0     2         118.887            242.531
           0        tcp     0     2         119.097            233.969
           0        tcp     0     2         119.301            241.344
           0        tcp     0     2         119.501             285.98
           0        tcp     0     2         119.709            196.678
           0        tcp     0     2         119.911            243.095
           0        tcp     0     2         120.144            211.406
           0        tcp     0     2         120.362            188.213
           0        tcp     0     2         120.562            183.831
           0        tcp     0     2         120.778            170.706
           0        tcp     0     2          120.99            251.376
           0        tcp     0     2         121.201            233.365
           0        tcp     0     2         121.412            232.301
           0        tcp     0     2         121.618            179.321
           0        tcp     0     2         121.826            255.755
           0        tcp     0     2         122.032            317.506
           0        tcp     0     2         122.236            321.027
           0        tcp     0     2         122.449            269.303
           0        tcp     0     2         122.672            312.154
           0        tcp     0     2         122.875            303.258
           0        tcp     0     2         123.083            276.003
           0        tcp     0     2         123.287            240.224
           0        tcp     0     2         123.493            259.523
           0        tcp     0     2         123.704            252.353
           0        tcp     0     2          123.91            277.437
           0        tcp     0     2         124.124            306.639
           0        tcp     0     2         124.365             220.71
           0        tcp     0     2         124.576            271.863
           0        tcp     0     2         124.781            259.986
           0        tcp     0     2         125.001            298.206
           0        tcp     0     2         125.202             324.97
           0        tcp     0     2         125.406            321.265
           0        tcp     0     2         125.616            332.504
           0        tcp     0     2         125.825            313.614
           0        tcp     0     2          126.03            340.103
           0        tcp     0     2         126.235            338.762
           0        tcp     0     2         126.436            306.141
           0        tcp     0     2         126.659            275.228
           0        tcp     0     2         126.886            288.568
           0        tcp     0     2         127.103            245.123
           0        tcp     0     2         127.322            224.597
           0        tcp     0     2         127.525            262.083
           0        tcp     0     2         127.735            313.141
           0        tcp     0     2         127.941            257.669
           0        tcp     0     2          128.15            294.136
           0        tcp     0     2         128.351            285.545
           0        tcp     0     2         128.551            266.021
           0        tcp     0     2          128.76            293.579
           0        tcp     0     2         128.969             314.12
           0        tcp     0     2         129.182            269.309
           0        tcp     0     2         129.385            242.225
           0        tcp     0     2         129.591            238.362
           0        tcp     0     2         129.801            332.569
           0        tcp     0     2         130.003            324.048
           0        tcp     0     2         130.216            307.157
           0        tcp     0     2         130.421            300.096
           0        tcp     0     2         130.622            306.216
           0        tcp     0     2         130.828            298.273
           0        tcp     0     2         131.048            315.697
           0        tcp     0     2         131.262            287.424
           0        tcp     0     2         131.466            240.504
           0        tcp     0     2         131.674            295.501
           0        tcp     0     2         131.883            275.153
           0        tcp     0     2         132.086            302.152
           0        tcp     0     2         132.302            284.957
           0        tcp     0     2         132.518            283.564
           0        tcp     0     2         132.722            240.991
           0        tcp     0     2         132.935            269.923
           0        tcp     0     2         133.139            281.092
           0        tcp     0     2         133.365            307.207
           0        tcp     0     2         133.573            295.265
           0        tcp     0     2         133.778            300.169
           0        tcp     0     2         133.991            289.146
           0        tcp     0     2         134.192            305.012
           0        tcp     0     2         134.395            322.476
           0        tcp     0     2         134.602             257.76
           0        tcp     0     2         134.803            284.436
           0        tcp     0     2         135.011            236.676
           0        tcp     0     2         135.219            275.673
           0        tcp     0     2         135.429             292.63
           0        tcp     0     2         135.629            286.379
           0        tcp     0     2         135.835            318.303
           0        tcp     0     2         136.036            285.324
           0        tcp     0     2          136.25            287.707
           0        tcp     0     2         136.453            221.785
           0        tcp     0     2         136.668            228.524
           0        tcp     0     2         136.885            245.119
           0        tcp     0     2         137.096             193.91
           0        tcp     0     2          137.31            211.227
           0        tcp     0     2         137.517            237.008
           0        tcp     0     2          137.72            222.477
           0        tcp     0     2         137.933            172.533
           0        tcp     0     2          138.14            237.611
           0        tcp     0     2         138.342            223.184
           0        tcp     0     2         138.569            216.606
           0        tcp     0     2         138.775            238.998
           0        tcp     0     2          138.98            59.9086
           0        tcp     0     2         139.188            137.482
           0        tcp     0     2         139.432             201.37
           0        tcp     0     2         139.766            24.5254
           0        tcp     0     2         140.038             45.217
           0        tcp     0     2         140.265            108.072
           0        tcp     0     2         140.527            78.4005
           0        tcp     0     2         140.785             111.06
           0        tcp     0     2         141.076            42.2394
           0        tcp     0     2         141.282            159.178
           0        tcp     0     2         141.484            202.172
           0        tcp     0     2           141.7            209.132
           0        tcp     0     2         141.907            197.403
           0        tcp     0     2         142.109            203.167
           0        tcp     0     2         142.311            323.366
           0        tcp     0     2          142.52            294.805
           0        tcp     0     2         142.725            279.605
           0        tcp     0     2         142.926            326.766
           0        tcp     0     2          143.14            306.253
           0        tcp     0     2         143.343            281.189
           0        tcp     0     2         143.549             259.52
           0        tcp     0     2         143.758            254.361
           0        tcp     0     2         143.968            272.883
           0        tcp     0     2          144.23            265.549
           0        tcp     0     2         144.439            293.848
           0        tcp     0     2          144.64            306.272
           0        tcp     0     2         144.849            274.166
           0        tcp     0     2          145.06            233.599
           0        tcp     0     2         145.281             258.77
           0        tcp     0     2         145.481            266.138
           0        tcp     0     2          145.69            254.825
           0        tcp     0     2         145.895            260.077
           0        tcp     0     2         146.131            190.691
           0        tcp     0     2         146.331            184.258
           0        tcp     0     2         146.536            260.238
           0        tcp     0     2         146.745            293.743
           0        tcp     0     2         146.952            257.639
           0        tcp     0     2         147.155            282.369
           0        tcp     0     2         147.359            300.613
           0        tcp     0     2         147.562            262.884
           0        tcp     0     2         147.779            264.086
           0        tcp     0     2         147.985            298.057
           0        tcp     0     2         148.194            293.811
           0        tcp     0     2         148.401            277.092
           0        tcp     0     2         148.623            202.784
           0        tcp     0     2         148.824            244.345
           0        tcp     0     2         149.025            265.189
           0        tcp     0     2         149.262            207.527
           0        tcp     0     2         149.468            198.585
           0        tcp     0     2         149.707            189.115
           0        tcp     0     2         149.914            276.385
           0        tcp     0     2         150.129            248.163
           0        tcp     0     2         150.335            277.411
           0        tcp     0     2         150.539            302.305
           0        tcp     0     2         150.747                255
           0        tcp     0     2         150.961            306.967
           0        tcp     0     2         151.161            306.623
           0        tcp     0     2         151.364            282.329
           0        tcp     0     2          151.57            318.277
           0        tcp     0     2         151.771            286.248
           0        tcp     0     2          151.98            253.911
           0        tcp     0     2         152.187            217.748
           0        tcp     0     2         152.409            221.644
           0        tcp     0     2         152.647            172.234
           0        tcp     0     2         152.849            202.839
           0        tcp     0     2           153.1            97.7944
           0        tcp     0     2         153.308             137.76
           0        tcp     0     2         153.518            175.497
           0        tcp     0     2          153.73            212.858
           0        tcp     0     2         153.944            268.432
           0        tcp     0     2         154.145            243.709
           0        tcp     0     2         154.357            271.131
           0        tcp     0     2         154.561             200.62
           0        tcp     0     2         154.769            177.466
           0        tcp     0     2         154.972            161.104
           0        tcp     0     2         155.207            156.751
           0        tcp     0     2         155.427            149.418
           0        tcp     0     2         155.641            190.843
           0        tcp     0     2         155.858            188.898
           0        tcp     0     2         156.061            262.458
           0        tcp     0     2         156.264            322.035
           0        tcp     0     2         156.469            320.961
           0        tcp     0     2         156.687            319.126
           0        tcp     0     2         156.889            283.791
           0        tcp     0     2         157.101            289.724
           0        tcp     0     2         157.313            309.631
           0        tcp     0     2         157.521             333.41
           0        tcp     0     2          157.73            313.806
           0        tcp     0     2         157.932            283.967
           0        tcp     0     2         158.134            263.252
           0        tcp     0     2         158.336            244.241
           0        tcp     0     2         158.545            294.049
           0        tcp     0     2         158.759                248
           0        tcp     0     2         158.964            260.472
           0        tcp     0     2         159.169            280.049
           0        tcp     0     2          159.38            252.199
           0        tcp     0     2         159.587            276.449
           0        tcp     0     2         159.791            221.497
           0        tcp     0     2         159.997            218.697
           0        tcp     0     2         160.201            220.251
           0        tcp     0     2         160.403            345.159
           0        tcp     0     2         160.609            356.816
           0        tcp     0     2         160.816            357.822
           0        tcp     0     2         161.018            343.236
           0        tcp     0     2         161.229            369.785
           0        tcp     0     2         161.439            350.931
           0        tcp     0     2         161.647            353.862
           0        tcp     0     2          161.85            344.057
           0        tcp     0     2         162.062            346.404
           0        tcp     0     2         162.263            347.761
           0        tcp     0     2         162.466            343.096
           0        tcp     0     2         162.672              358.2
           0        tcp     0     2         162.878            357.901
           0        tcp     0     2         163.083            358.013
           0        tcp     0     2         163.293            371.082
           0        tcp     0     2         163.505            367.591
           0        tcp     0     2         163.706            326.321
           0        tcp     0     2         163.908             344.02
           0        tcp     0     2         164.112            361.173
           0        tcp     0     2         164.317            359.295
           0        tcp     0     2         164.525            355.348
           0        tcp     0     2         164.735            351.231
           0        tcp     0     2         164.943            353.794
           0        tcp     0     2          165.15             355.81
           0        tcp     0     2         165.355            360.647
           0        tcp     0     2         165.566            349.394
           0        tcp     0     2         165.773            335.791
           0        tcp     0     2         165.981            354.359
           0        tcp     0     2         166.186            360.093
           0        tcp     0     2         166.389             343.14
           0        tcp     0     2         166.597            355.189
           0        tcp     0     2         166.805             353.02
           0        tcp     0     2         167.014            372.697
           0        tcp     0     2         167.215            346.953
           0        tcp     0     2         167.427            327.843
           0        tcp     0     2         167.629            365.417
           0        tcp     0     2         167.842            346.564
           0        tcp     0     2         168.053            348.612
           0        tcp     0     2         168.267            344.406
           0        tcp     0     2         168.474            357.341
           0        tcp     0     2         168.678            360.856
           0        tcp     0     2         168.887            352.653
           0        tcp     0     2         169.087            347.766
           0        tcp     0     2         169.295             355.45
           0        tcp     0     2         169.504            352.114
           0        tcp     0     2         169.705            366.646
           0        tcp     0     2          169.91            360.507
           0        tcp     0     2         170.118             334.09
           0        tcp     0     2         170.322            361.128
           0        tcp     0     2         170.523            346.878
           0        tcp     0     2         170.729            377.657
           0        tcp     0     2         170.932            323.511
           0        tcp     0     2         171.135            342.897
           0        tcp     0     2          171.34            359.249
           0        tcp     0     2         171.547            336.566
           0        tcp     0     2         171.755            353.841
           0        tcp     0     2         171.956            346.127
           0        tcp     0     2         172.166            351.501
           0        tcp     0     2         172.371            339.169
           0        tcp     0     2         172.581            352.697
           0        tcp     0     2         172.789            353.363
           0        tcp     0     2         173.002            346.937
           0        tcp     0     2         173.204            363.913
           0        tcp     0     2         173.413            333.199
           0        tcp     0     2         173.627            364.302
           0        tcp     0     2         173.831            360.725
           0        tcp     0     2         174.046            305.287
           0        tcp     0     2         174.247            345.661
           0        tcp     0     2         174.451            362.688
           0        tcp     0     2         174.657            358.067
           0        tcp     0     2         174.864            335.396
           0        tcp     0     2         175.074            352.022
           0        tcp     0     2         175.281            355.907
           0        tcp     0     2         175.485            360.313
           0        tcp     0     2         175.691            358.627
           0        tcp     0     2         175.899            333.989
           0        tcp     0     2         176.104            360.736
           0        tcp     0     2         176.319            343.134
           0        tcp     0     2         176.524            359.977
           0        tcp     0     2         176.734            368.962
           0        tcp     0     2         176.943            353.964
           0        tcp     0     2         177.145            344.749
           0        tcp     0     2         177.351            337.769
           0        tcp     0     2         177.561             350.92
           0        tcp     0     2         177.762            347.239
           0        tcp     0     2         177.963            345.123
           0        tcp     0     2         178.167            342.342
           0        tcp     0     2         178.369            344.723
           0        tcp     0     2          178.59              351.7
           0        tcp     0     2          178.79            368.255
           0        tcp     0     2         178.993            362.979
           0        tcp     0     2         179.205            347.482
           0        tcp     0     2          179.41            361.016
           0        tcp     0     2         179.612            344.813
           0        tcp     0     2         179.813            346.567
           0        tcp     0     2         180.024            349.474
           0        tcp     0     2         180.228            361.169
           0        tcp     0     2         180.439            348.983
           0        tcp     0     2         180.651            348.242
           0        tcp     0     2         180.859            353.197
           0        tcp     0     2         181.067            335.424
           0        tcp     0     2         181.268            366.577
           0        tcp     0     2         181.481            346.911
           0        tcp     0     2           181.7            335.766
           0        tcp     0     2          181.92            354.243
           0        tcp     0     2         182.133            345.671
           0        tcp     0     2         182.336            363.645
           0        tcp     0     2          182.54             362.12
           0        tcp     0     2         182.749            352.816
           0        tcp     0     2         182.954            338.731
           0        tcp     0     2         183.165            350.217
           0        tcp     0     2         183.378            345.286
           0        tcp     0     2         183.592            344.222
           0        tcp     0     2         183.803            349.957
           0        tcp     0     2         184.012            352.767
           0        tcp     0     2         184.212            348.014
           0        tcp     0     2         184.421            352.282
           0        tcp     0     2         184.636            344.132
           0        tcp     0     2         184.857             351.08
           0        tcp     0     2         185.068             370.05
           0        tcp     0     2         185.276             353.58
           0        tcp     0     2          185.48            341.415
           0        tcp     0     2         185.685            360.378
           0        tcp     0     2         185.888            362.897
           0        tcp     0     2         186.094            338.128
           0        tcp     0     2         186.303            352.448
           0        tcp     0     2         186.514            349.622
           0        tcp     0     2         186.723             372.53
           0        tcp     0     2         186.924            345.457
           0        tcp     0     2         187.125            346.291
           0        tcp     0     2         187.334            314.171
           0        tcp     0     2         187.539            359.711
           0        tcp     0     2         187.748            352.017
           0        tcp     0     2         187.956            355.848
           0        tcp     0     2         188.167            329.819
           0        tcp     0     2         188.371             340.81
           0        tcp     0     2         188.586            343.329
           0        tcp     0     2          188.79            360.145
           0        tcp     0     2         188.997            337.847
           0        tcp     0     2         189.207            350.289
           0        tcp     0     2         189.409            344.214
           0        tcp     0     2         189.609            348.025
           0        tcp     0     2         189.815            358.292
           0        tcp     0     2         190.018            342.905
           0        tcp     0     2         190.224            357.867
           0        tcp     0     2         190.438            345.713
           0        tcp     0     2         190.642            360.223
           0        tcp     0     2         190.853            370.049
           0        tcp     0     2         191.058            359.241
           0        tcp     0     2         191.266            314.436
           0        tcp     0     2         191.476            351.921
           0        tcp     0     2         191.686            349.883
           0        tcp     0     2         191.895            334.123
           0        tcp     0     2         192.105             350.96
           0        tcp     0     2          192.31            359.099
           0        tcp     0     2         192.512            344.429
           0        tcp     0     2         192.715            363.628
           0        tcp     0     2         192.924            332.959
           0        tcp     0     2         193.131            355.739
           0        tcp     0     2         193.341            351.773
           0        tcp     0     2         193.552            330.706
           0        tcp     0     2         193.758             358.12
           0        tcp     0     2         193.963            338.783
           0        tcp     0     2         194.168            359.638
           0        tcp     0     2         194.378            370.382
           0        tcp     0     2         194.579            326.766
           0        tcp     0     2         194.791            346.885
           0        tcp     0     2         194.997            358.441
           0        tcp     0     2         195.203            357.977
           0        tcp     0     2         195.413             332.18
           0        tcp     0     2         195.622            352.434
           0        tcp     0     2         195.835            346.446
           0        tcp     0     2         196.035            367.032
           0        tcp     0     2         196.236            367.555
           0        tcp     0     2         196.437            325.522
           0        tcp     0     2         196.649            368.273
           0        tcp     0     2         196.861            346.881
           0        tcp     0     2         197.069            355.231
           0        tcp     0     2         197.278             351.92
           0        tcp     0     2         197.479            347.206
           0        tcp     0     2         197.689            351.009
           0        tcp     0     2         197.896            355.085
           0        tcp     0     2         198.107            350.634
           0        tcp     0     2         198.311            361.743
           0        tcp     0     2         198.517            377.504
           0        tcp     0     2         198.723            356.775
           0        tcp     0     2         198.937            344.802
           0        tcp     0     2          199.14            342.653
           0        tcp     0     2          199.35            351.276
           0        tcp     0     2         199.556            359.214
           0        tcp     0     2         199.759            342.865
           0        tcp     0     2         199.962             342.43


