2016年 05月 23日 星期一 18:02:39 CST
--- Simulation sequence:2 ---
#node_id rate rate_without_head
       0 297.379 244.001
       1 291.882 239.49
       2 53.3721 0
       3 52.3912 0


--- Simulation sequence:3 ---
#node_id rate rate_without_head
       0 146.331 120.064
       1 146.513 120.214
       2 172.547 120.033
       3 172.792 120.203
       4 26.2578 0
       5 26.2953 0


--- Simulation sequence:4 ---
#node_id rate rate_without_head
       0 102.278 83.4702
       1 90.6097 73.9381
       2 113.331 80.5402
       3 100.489 71.3424
       4 115.856 82.4027
       5 103.575 73.6163
       6 23.9614 6.21358
       7 21.8859 6.01682


--- Simulation sequence:5 ---
#node_id rate rate_without_head
       0 77.3504 62.5651
       1 75.2819 60.6483
       2 83.627 58.9935
       3 82.3578 57.8849
       4 79.8409 56.2987
       5 81.0843 57.07
       6 79.5818 55.9316
       7 81.1077 57.0258
       8 23.1571 8.08016
       9 24.5569 9.46939


--- Simulation sequence:6 ---
#node_id rate rate_without_head
       0 64.5744 51.8966
       1 71.5898 57.3972
       2 64.7261 45.7712
       3 73.426 51.6763
       4 65.0928 46.02
       5 71.5998 50.2722
       6 64.1616 45.2506
       7 69.496 48.5476
       8 65.2095 45.922
       9 69.5277 48.486
      10 21.8687 8.94733
      11 21.4078 7.95152


--- Simulation sequence:7 ---
#node_id rate rate_without_head
       0 59.3571 47.4685
       1 64.8269 52.0078
       2 60.7488 43.0003
       3 69.6245 48.9304
       4 55.4783 39.2652
       5 67.9917 47.6565
       6 56.538 39.8814
       7 66.3541 46.4712
       8 59.4036 41.7309
       9 66.1361 46.1919
      10 58.5518 40.9808
      11 65.5929 45.7115
      12 17.6722 6.70548
      13 18.9858 6.78615


--- Simulation sequence:8 ---
#node_id rate rate_without_head
       0 43.2679 34.6444
       1 55.1188 44.5711
       2 45.8665 32.3959
       3 59.3077 41.3187
       4 47.5205 33.5296
       5 59.8387 41.6717
       6 43.6886 30.4985
       7 59.6891 41.5228
       8 45.0409 31.3415
       9 60.504 42.1648
      10 42.187 29.3719
      11 59.0318 41.0552
      12 41.8272 29.0046
      13 59.587 41.4122
      14 12.3296 4.42193
      15 14.0514 3.90686


--- Simulation sequence:9 ---
#node_id rate rate_without_head
       0 51.2197 40.8432
       1 53.7038 43.0217
       2 51.2596 36.0447
       3 56.3861 39.5842
       4 45.894 32.1661
       5 57.9574 40.6081
       6 44.9745 31.203
       7 56.6966 39.4849
       8 48.5288 33.8243
       9 54.5817 38.1012
      10 48.8689 34.1189
      11 53.5943 37.4143
      12 50.8875 35.4297
      13 53.6631 37.3329
      14 50.6097 35.1687
      15 50.1592 34.935
      16 18.8251 8.20419
      17 17.0438 6.49646


--- Simulation sequence:10 ---
#node_id rate rate_without_head
       0 42.2469 34.0858
       1 42.2357 33.7938
       2 44.3753 31.2746
       3 46.8875 32.8678
       4 43.765 30.8354
       5 44.7899 31.3346
       6 44.1661 30.9771
       7 41.814 28.9054
       8 42.7297 29.7417
       9 38.4891 26.6554
      10 42.3734 29.5231
      11 39.4154 27.57
      12 42.8351 29.8527
      13 41.7659 29.178
      14 44.1206 30.7365
      15 41.9439 29.2181
      16 43.5656 30.3107
      17 39.7187 27.6493
      18 13.7948 5.35955
      19 11.8289 4.18923


--- Simulation sequence:11 ---
#node_id rate rate_without_head
       0 46.2304 36.8623
       1 47.8785 38.3134
       2 46.061 32.3929
       3 52.1775 36.8515
       4 41.8695 29.2121
       5 52.6567 37.126
       6 39.9073 27.649
       7 51.8038 36.428
       8 41.0656 28.7864
       9 51.7838 36.3261
      10 42.5858 29.7979
      11 50.6399 35.3112
      12 41.5324 29.1356
      13 49.1015 34.3495
      14 40.1029 28.0496
      15 50.8172 35.349
      16 37.58 26.3156
      17 50.3957 35.0057
      18 42.6409 29.7675
      19 52.1736 36.253
      20 12.1506 4.09789
      21 14.9602 5.76365


--- Simulation sequence:12 ---
#node_id rate rate_without_head
       0 36.1883 28.9486
       1 39.8022 31.4641
       2 33.7914 23.7307
       3 42.5445 30.4428
       4 37.1333 26.0931
       5 39.951 28.4651
       6 38.6686 27.0274
       7 38.1607 26.9252
       8 37.6397 26.3137
       9 37.5143 26.3549
      10 38.8712 27.3167
      11 37.0456 26.171
      12 39.9426 28.0725
      13 33.4731 23.5837
      14 41.4059 29.0069
      15 32.2377 22.7667
      16 42.3706 29.5567
      17 33.8981 23.7949
      18 40.087 28.0601
      19 33.9063 23.7668
      20 41.5564 28.9945
      21 36.9479 25.8234
      22 11.635 4.40899
      23 10.8526 4.24353


--- Simulation sequence:13 ---
#node_id rate rate_without_head
       0 41.777 33.2749
       1 33.9549 27.3444
       2 46.404 32.8486
       3 30.1698 21.0672
       4 44.6787 31.5937
       5 28.8933 20.0495
       6 42.3636 29.7688
       7 29.9478 20.5486
       8 43.6292 30.5946
       9 30.541 20.7687
      10 46.8741 32.772
      11 30.1191 20.5757
      12 44.8167 31.4458
      13 26.9002 18.6081
      14 44.6358 31.2826
      15 33.1883 23.2473
      16 39.1488 27.1985
      17 32.208 22.5114
      18 39.3969 27.346
      19 33.4936 23.3681
      20 40.6461 28.3882
      21 35.4612 24.7287
      22 39.2672 27.4978
      23 36.3566 25.121
      24 13.2629 5.66138
      25 13.4894 5.83063


--- Simulation sequence:14 ---
#node_id rate rate_without_head
       0 38.6467 31.0018
       1 40.4181 32.391
       2 41.3991 29.1957
       3 44.3359 31.366
       4 38.0271 26.6184
       5 40.2586 28.4481
       6 38.0973 26.5358
       7 40.4137 28.6
       8 38.4767 26.7685
       9 40.1231 28.1339
      10 37.944 26.5252
      11 38.7484 26.9028
      12 40.6492 28.4988
      13 39.317 27.3092
      14 47.2316 33.2881
      15 39.1309 27.2256
      16 47.8223 33.6823
      17 37.2679 25.8546
      18 42.7358 30.0463
      19 36.9542 25.5743
      20 46.289 32.4889
      21 35.3439 24.4941
      22 48.5396 33.9002
      23 34.3107 23.784
      24 46.3839 32.363
      25 37.3174 25.96
      26 13.367 5.53785
      27 8.80349 2.09762


--- Simulation sequence:15 ---
#node_id rate rate_without_head
       0 50.8269 40.8204
       1 37.3819 29.7472
       2 51.2013 35.8516
       3 37.971 26.9215
       4 48.673 33.9814
       5 37.1868 26.305
       6 47.9352 33.248
       7 37.7698 26.4707
       8 49.0348 34.2702
       9 37.7949 26.3484
      10 51.5648 36.101
      11 37.1544 25.8424
      12 51.9194 36.3221
      13 36.5038 25.4983
      14 51.7125 36.1399
      15 36.4475 25.5009
      16 51.6163 36.0614
      17 36.3215 25.4173
      18 52.8698 36.8833
      19 36.295 25.4112
      20 49.6363 34.5317
      21 34.174 23.94
      22 49.8382 34.6283
      23 36.0547 25.204
      24 48.0594 33.3951
      25 37.7189 26.347
      26 47.5952 33.0805
      27 39.5288 27.515
      28 9.51502 1.3015
      29 11.7985 4.82582


--- Simulation sequence:16 ---
#node_id rate rate_without_head
       0 37.1361 29.6285
       1 38.2444 30.7062
       2 37.3468 26.5264
       3 34.9523 24.2979
       4 43.5749 31.0501
       5 37.0991 25.9064
       6 42.4925 30.1418
       7 31.2535 21.5764
       8 41.2241 29.2447
       9 30.2821 20.8903
      10 42.7434 30.1965
      11 31.6688 21.9071
      12 44.9891 31.6959
      13 31.1358 21.6053
      14 47.2065 33.2332
      15 29.7691 20.6588
      16 43.9309 30.8351
      17 29.6059 20.6999
      18 42.4066 29.627
      19 30.2625 21.2942
      20 43.0863 30.0555
      21 33.8904 23.8305
      22 40.7844 28.3507
      23 35.3772 24.8585
      24 39.8623 27.5634
      25 35.2794 24.7759
      26 38.0387 26.3097
      27 34.2338 24.1174
      28 39.511 27.1417
      29 36.8688 25.8857
      30 15.6884 7.31557
      31 13.4624 5.60759


--- Simulation sequence:17 ---
#node_id rate rate_without_head
       0 43.1045 34.2872
       1 35.7446 28.6875
       2 45.2715 31.8083
       3 40.836 29.021
       4 36.1518 25.2247
       5 41.4904 29.543
       6 35.0343 24.1049
       7 41.487 29.2392
       8 35.8715 24.8842
       9 42.0935 29.5
      10 35.2731 24.8216
      11 39.5 27.7126
      12 38.9703 27.4461
      13 38.7633 27.0951
      14 40.7204 28.6811
      15 36.2228 25.1484
      16 40.531 28.6242
      17 33.6818 23.4621
      18 38.0581 26.7282
      19 34.6206 24.1559
      20 39.8104 27.9242
      21 37.3762 26.0919
      22 39.5149 27.6598
      23 38.2775 26.7889
      24 37.3213 26.042
      25 38.8776 27.2003
      26 33.2177 23.0391
      27 37.9421 26.5304
      28 33.9647 23.492
      29 40.6264 28.4424
      30 32.9513 22.7244
      31 42.4124 29.6147
      32 10.1869 3.18177
      33 16.765 8.42502


--- Simulation sequence:18 ---
#node_id rate rate_without_head
       0 27.8362 22.3478
       1 32.1219 25.5836
       2 26.3447 18.5896
       3 33.4578 23.7894
       4 25.9125 18.5893
       5 29.1651 20.3842
       6 25.9037 18.5895
       7 27.9316 19.4497
       8 27.6491 19.6722
       9 31.0643 21.6247
      10 25.5556 17.9447
      11 31.7116 22.2103
      12 24.1971 17.0122
      13 31.1998 21.9713
      14 24.8657 17.4669
      15 30.2294 21.0376
      16 27.4875 19.5369
      17 29.0253 20.1557
      18 29.5318 20.9611
      19 30.976 21.5723
      20 30.8241 21.5514
      21 28.1387 19.6266
      22 31.3257 21.9357
      23 25.6825 18.0367
      24 28.6448 19.9894
      25 25.2196 17.6672
      26 28.3546 19.8376
      27 26.0286 18.1636
      28 26.3201 18.4118
      29 26.9695 18.7992
      30 27.428 19.1533
      31 27.7782 19.2966
      32 26.6699 18.674
      33 29.4832 20.4575
      34 7.0312 2.16635
      35 10.3505 4.47852


--- Simulation sequence:19 ---
#node_id rate rate_without_head
       0 32.3791 26.0279
       1 39.7794 32.1225
       2 35.5995 25.0257
       3 43.9636 31.0634
       4 37.0316 25.999
       5 43.7941 30.8893
       6 34.4984 24.1742
       7 41.6046 29.2431
       8 34.6355 24.1464
       9 42.5268 29.9159
      10 36.818 25.6396
      11 41.295 29.1049
      12 38.9257 27.1872
      13 39.6042 27.8199
      14 38.581 26.9988
      15 36.6318 25.6395
      16 39.8228 27.8594
      17 36.6545 25.5843
      18 39.082 27.3378
      19 34.987 24.4696
      20 41.3735 28.9423
      21 37.1515 25.946
      22 42.6208 29.8851
      23 35.6335 24.854
      24 44.9827 31.526
      25 34.5475 24.0753
      26 42.97 30.0445
      27 33.6864 23.451
      28 41.0366 28.6578
      29 35.14 24.4917
      30 42.126 29.3718
      31 38.0062 26.5351
      32 38.4909 26.7763
      33 41.1035 28.6877
      34 33.9173 23.4987
      35 40.9007 28.509
      36 11.2281 4.38723
      37 11.1974 3.5553


--- Simulation sequence:20 ---
#node_id rate rate_without_head
       0 33.3948 26.5991
       1 32.4829 25.7967
       2 33.4024 23.5933
       3 32.394 22.8277
       4 31.5008 22.1529
       5 34.4932 24.3529
       6 27.9464 19.4452
       7 36.2884 25.6582
       8 26.4067 18.2871
       9 36.0358 25.3967
      10 29 20.0444
      11 34.8015 24.5443
      12 34.0363 23.601
      13 35.5388 25.1074
      14 32.0949 22.3035
      15 30.7148 21.5341
      16 33.0564 23.0698
      17 31.462 22.056
      18 30.8901 21.5869
      19 35.3065 24.8516
      20 25.2035 17.4785
      21 35.175 24.6717
      22 25.3649 17.6748
      23 34.7618 24.3958
      24 25.5653 17.793
      25 38.396 27.0032
      26 25.5569 17.7449
      27 41.2107 28.9973
      28 29.0333 20.1928
      29 39.1185 27.5515
      30 29.4423 20.5455
      31 33.1434 23.3103
      32 31.0547 21.6523
      33 32.024 22.3242
      34 33.8767 23.5771
      35 31.855 22.088
      36 37.1871 25.9013
      37 33.169 22.8815
      38 10.3824 4.17708
      39 7.64311 2.11432


