#       flow   flowType   src   dst            time         throughput

           0        tcp     0     2         2.00787            353.568
           0        tcp     0     2          3.0106            355.384
           0        tcp     0     2         4.01082            360.367
           0        tcp     0     2         5.01823            357.797
           0        tcp     0     2         6.02406             362.43
           0        tcp     0     2         7.03146            361.866
           0        tcp     0     2         8.04406            364.055
           0        tcp     0     2         9.05225            361.583
           0        tcp     0     2         10.0605            361.567
           0        tcp     0     2         11.0654            362.759
           0        tcp     0     2         12.0712            354.302
           0        tcp     0     2         13.0786            357.808
           0        tcp     0     2         14.0803            359.809
           0        tcp     0     2         15.0921            356.254
           0        tcp     0     2         16.0973            358.598
           0        tcp     0     2         17.1034            358.246
           0        tcp     0     2         18.1098            358.163
           0        tcp     0     2         19.1111            359.978
           0        tcp     0     2         20.1208            361.057
           0        tcp     0     2         21.1213            360.239
           0        tcp     0     2         22.1323            360.604
           0        tcp     0     2         23.1417            361.137
           0        tcp     0     2         24.1468            354.532
           0        tcp     0     2         25.1564             361.09
           0        tcp     0     2         26.1584            359.723
           0        tcp     0     2         27.1616            363.402
           0        tcp     0     2         28.1701            361.447
           0        tcp     0     2         29.1772            357.903
           0        tcp     0     2         30.1838            358.115
           0        tcp     0     2         31.1845            356.093
           0        tcp     0     2         32.1884            354.953
           0        tcp     0     2         33.1989            356.706
           0        tcp     0     2         34.2056            358.069
           0        tcp     0     2         35.2104            354.638
           0        tcp     0     2         36.2149            354.768
           0        tcp     0     2         37.2164            359.888
           0        tcp     0     2          38.222            362.501
           0        tcp     0     2         39.2253            363.346
           0        tcp     0     2         40.2365            332.158
           0        tcp     0     2         41.2406            285.545
           0        tcp     0     2         42.2416            331.444
           0        tcp     0     2         43.3062             253.95
           0        tcp     0     2         44.3113            273.018
           0        tcp     0     2         45.3146            261.291
           0        tcp     0     2         46.3195            264.943
           0        tcp     0     2         47.3227            265.392
           0        tcp     0     2         48.3546            305.643
           0        tcp     0     2         49.3609            293.059
           0        tcp     0     2         50.3663              252.6
           0        tcp     0     2         51.3746            292.476
           0        tcp     0     2         52.3827              276.3
           0        tcp     0     2         53.3864            269.325
           0        tcp     0     2         54.3967            255.412
           0        tcp     0     2         55.4032             260.45
           0        tcp     0     2         56.4138            263.446
           0        tcp     0     2         57.4139            327.645
           0        tcp     0     2         58.4249            291.717
           0        tcp     0     2         59.4366            319.828
           0        tcp     0     2          60.441            318.101
           0        tcp     0     2         61.4491              276.3
           0        tcp     0     2         62.4585            292.164
           0        tcp     0     2         63.4704            250.967
           0        tcp     0     2         64.4819            299.644
           0        tcp     0     2         65.4826            274.241
           0        tcp     0     2         66.4839            290.431
           0        tcp     0     2         67.4844            302.961
           0        tcp     0     2         68.4846            344.008
           0        tcp     0     2         69.4871            302.333
           0        tcp     0     2         70.5042            285.921
           0        tcp     0     2         71.5114            264.347
           0        tcp     0     2         72.5254            306.991
           0        tcp     0     2         73.5317            305.279
           0        tcp     0     2         74.5371            338.139
           0        tcp     0     2         75.5472            275.755
           0        tcp     0     2         76.5505            281.693
           0        tcp     0     2         77.5557            252.646
           0        tcp     0     2         78.5728            245.636
           0        tcp     0     2         79.5801            317.185
           0        tcp     0     2         80.5811            302.793
           0        tcp     0     2         81.5869            305.421
           0        tcp     0     2         82.5891            273.841
           0        tcp     0     2         83.6399            226.092
           0        tcp     0     2         84.6441            224.326
           0        tcp     0     2         85.6471            281.774
           0        tcp     0     2         86.6592            295.441
           0        tcp     0     2         87.6619            310.456
           0        tcp     0     2         88.6742            275.153
           0        tcp     0     2         89.6758            261.711
           0        tcp     0     2         90.6792             289.83
           0        tcp     0     2         91.6816            286.053
           0        tcp     0     2         92.6818            278.458
           0        tcp     0     2         93.7091            307.012
           0        tcp     0     2         94.7145            293.326
           0        tcp     0     2         95.7317            289.919
           0        tcp     0     2         96.7413            263.714
           0        tcp     0     2         97.7508            296.197
           0        tcp     0     2         98.7532            281.958
           0        tcp     0     2         99.7571            297.851
           0        tcp     0     2         100.757            311.249
           0        tcp     0     2         101.791            245.741
           0        tcp     0     2         102.799            288.363
           0        tcp     0     2         103.801            314.774
           0        tcp     0     2         104.805              261.1
           0        tcp     0     2         105.823            289.816
           0        tcp     0     2         106.827            301.807
           0        tcp     0     2         107.835            296.718
           0        tcp     0     2         108.842            288.722
           0        tcp     0     2         109.845            330.788
           0        tcp     0     2         110.856            263.398
           0        tcp     0     2         111.862            248.345
           0        tcp     0     2          112.87             296.43
           0        tcp     0     2         113.892              312.8
           0        tcp     0     2         114.895             277.73
           0        tcp     0     2         115.897              318.8
           0        tcp     0     2         116.901            285.434
           0        tcp     0     2         117.945            235.426
           0        tcp     0     2         118.954            280.179
           0        tcp     0     2         119.959            228.341
           0        tcp     0     2         120.969            231.169
           0        tcp     0     2         121.971            290.203
           0        tcp     0     2         122.984            299.134
           0        tcp     0     2          123.99            289.062
           0        tcp     0     2         124.991            298.818
           0        tcp     0     2         125.995            224.217
           0        tcp     0     2         126.997            327.152
           0        tcp     0     2         128.005            264.049
           0        tcp     0     2         129.033            227.245
           0        tcp     0     2         130.067            245.504
           0        tcp     0     2         131.071             302.01
           0        tcp     0     2         132.084            234.491
           0        tcp     0     2          133.09            309.413
           0        tcp     0     2         134.111            264.764
           0        tcp     0     2         135.118            304.919
           0        tcp     0     2         136.129            311.995
           0        tcp     0     2         137.134            277.237
           0        tcp     0     2         138.151            273.925
           0        tcp     0     2         139.154            253.224
           0        tcp     0     2         140.165            271.299
           0        tcp     0     2         141.166            274.264
           0        tcp     0     2         142.172            313.428
           0        tcp     0     2         143.173            278.292
           0        tcp     0     2         144.178            309.818
           0        tcp     0     2         145.181            277.532
           0        tcp     0     2         146.197            242.023
           0        tcp     0     2           147.2             269.52
           0        tcp     0     2          148.21            267.508
           0        tcp     0     2         149.228              289.8
           0        tcp     0     2         150.232            265.129
           0        tcp     0     2         151.239            264.412
           0        tcp     0     2         152.245            293.129
           0        tcp     0     2         153.249              265.3
           0        tcp     0     2          154.25            282.253
           0        tcp     0     2         155.254             318.15
           0        tcp     0     2         156.264            328.596
           0        tcp     0     2         157.273            300.518
           0        tcp     0     2         158.275            302.219
           0        tcp     0     2         159.278            289.936
           0        tcp     0     2         160.279            270.087
           0        tcp     0     2         161.283            330.573
           0        tcp     0     2         162.288            326.105
           0        tcp     0     2         163.299            320.049
           0        tcp     0     2          164.31            319.992
           0        tcp     0     2         165.318            304.883
           0        tcp     0     2         166.319            314.899
           0        tcp     0     2          167.32            339.848
           0        tcp     0     2         168.326            358.009
           0        tcp     0     2         169.333            358.062
           0        tcp     0     2         170.343            364.949
           0        tcp     0     2         171.347            363.238
           0        tcp     0     2         172.353              358.2
           0        tcp     0     2         173.354            360.232
           0        tcp     0     2         174.356            359.469
           0        tcp     0     2         175.367            360.888
           0        tcp     0     2         176.373            362.252
           0        tcp     0     2         177.376            359.507
           0        tcp     0     2         178.383            349.802
           0        tcp     0     2         179.394            364.513
           0        tcp     0     2         180.405            356.496
           0        tcp     0     2         181.409            358.838
           0        tcp     0     2         182.415            362.361
           0        tcp     0     2         183.422            358.262
           0        tcp     0     2         184.422            356.142
           0        tcp     0     2         185.432            356.772
           0        tcp     0     2         186.437            362.788
           0        tcp     0     2         187.445            361.757
           0        tcp     0     2         188.446            360.148
           0        tcp     0     2         189.455            348.903
           0        tcp     0     2         190.463             361.95
           0        tcp     0     2         191.472            352.965
           0        tcp     0     2         192.476            359.128
           0        tcp     0     2         193.479            350.993
           0        tcp     0     2         194.488            357.438
           0        tcp     0     2         195.496             361.52
           0        tcp     0     2         196.505             357.21
           0        tcp     0     2         197.506            347.823
           0        tcp     0     2         198.512            358.434
           0        tcp     0     2         199.518            362.416


