Sun Sep 12 21:05:21 CST 2010
SIMULATION DURATION: 300.0S, AODV+TCP

--- UDP Rate: 8Kb ---
#       flow   flowType   src   dst            time         throughput

           0        tcp     0     9         2.06466            73.0978
           0        tcp     0     9         3.09692            111.103
           0        tcp     0     9         4.11836            92.2305
           0        tcp     0     9          5.1742            93.1049
           0        tcp     0     9         6.19019            100.789
           0        tcp     0     9         7.19061             94.169
           0        tcp     0     9         8.20881              72.41
           0        tcp     0     9         9.24128            115.048
           0        tcp     0     9         10.2663            79.9225
           0        tcp     0     9         11.2751            109.621
           0        tcp     0     9         12.2778            114.387
           0        tcp     0     9         13.3002            112.175
           0        tcp     0     9         14.3415             86.539
           0        tcp     0     9         15.3612            100.416
           0        tcp     0     9         16.3878            75.8085
           0        tcp     0     9         17.3965            109.635
           0        tcp     0     9         18.4501            77.7538
           0        tcp     0     9         19.4885            78.8918
           0        tcp     0     9         20.4981            81.1435
           0        tcp     0     9         21.5228            79.9449
           0        tcp     0     9         22.5628            106.332
           0        tcp     0     9         23.5852            84.1306
           0        tcp     0     9         24.5916            105.829
           0        tcp     0     9         25.6103            96.4992
           0        tcp     0     9         26.6847            87.6797
           0        tcp     0     9         27.7103            83.8717
           0        tcp     0     9         28.7174             105.74
           0        tcp     0     9         29.7782            108.118
           0        tcp     0     9         30.7889            77.0009
           0        tcp     0     9         31.8114            100.147
           0        tcp     0     9         32.8377            87.7987
           0        tcp     0     9         33.8986            77.2199
           0        tcp     0     9         34.9298             87.387
           0        tcp     0     9         35.9381            97.4971
           0        tcp     0     9         36.9525            113.052
           0        tcp     0     9         37.9672            100.922
           0        tcp     0     9         38.9817            113.046
           0        tcp     0     9         40.0022            88.2983
           0        tcp     0     9         41.0184             124.96
           0        tcp     0     9         42.0326            92.8836
           0        tcp     0     9         43.0471            88.8267
           0        tcp     0     9         44.0831            98.8467
           0        tcp     0     9         45.0881            114.112
           0        tcp     0     9         46.1008             76.846
           0        tcp     0     9         47.1219            88.2484
           0        tcp     0     9         48.1671            101.894
           0        tcp     0     9         49.1895            80.1221
           0        tcp     0     9         50.2361            78.2741
           0        tcp     0     9         51.2393             77.578
           0        tcp     0     9         52.2658            107.732
           0        tcp     0     9         53.2912            91.8784
           0        tcp     0     9         54.3043            92.9867
           0        tcp     0     9         55.3501            109.671
           0        tcp     0     9         56.4406            75.1225
           0        tcp     0     9         57.4974             108.52
           0        tcp     0     9         58.5109            80.8302
           0        tcp     0     9         59.5375            107.729
           0        tcp     0     9         60.5439            93.6047
           0        tcp     0     9         61.5645            116.393
           0        tcp     0     9         62.5773            80.8774
           0        tcp     0     9         63.6524            76.1982
           0        tcp     0     9         64.6916            78.8358
           0        tcp     0     9         65.6975            77.3656
           0        tcp     0     9         66.7175            100.386
           0        tcp     0     9         67.7514            83.1965
           0        tcp     0     9         68.7835            83.3411
           0        tcp     0     9         69.7844            114.589
           0        tcp     0     9         70.8061             72.159
           0        tcp     0     9         71.8123            113.988
           0        tcp     0     9         72.8161             110.17
           0        tcp     0     9         73.8216            101.845
           0        tcp     0     9         74.8338            129.481
           0        tcp     0     9         75.8346            118.689
           0        tcp     0     9         76.8514            76.5444
           0        tcp     0     9         77.9093            81.3086
           0        tcp     0     9         78.9114             106.27
           0        tcp     0     9         79.9414            115.319
           0        tcp     0     9         80.9854             109.86
           0        tcp     0     9         82.0228            114.503
           0        tcp     0     9         83.0912            76.6726
           0        tcp     0     9         84.1047            80.8266
           0        tcp     0     9         85.1149            109.478
           0        tcp     0     9         86.1502            79.1288
           0        tcp     0     9         87.1714            108.293
           0        tcp     0     9         88.1916            112.418
           0        tcp     0     9         89.2238            103.176
           0        tcp     0     9         90.2483            87.9513
           0        tcp     0     9         91.2659            104.661
           0        tcp     0     9          92.304             106.53
           0        tcp     0     9         93.3343            83.4914
           0        tcp     0     9         94.3695            87.0409
           0        tcp     0     9         95.4055            98.8445
           0        tcp     0     9         96.4304            111.899
           0        tcp     0     9         97.4397            89.2826
           0        tcp     0     9         98.4479            117.824
           0        tcp     0     9         99.4723            83.9676



--- UDP Rate: 16Kb ---
#       flow   flowType   src   dst            time         throughput

           0        tcp     0     9         2.02646            63.8468
           0        tcp     0     9          3.0469             72.251
           0        tcp     0     9         4.08069            71.3183
           0        tcp     0     9         5.10458            68.0071
           0        tcp     0     9         6.15545             70.159
           0        tcp     0     9         7.18595            71.5458
           0        tcp     0     9          8.2034            72.4633
           0        tcp     0     9         9.24586            74.6548
           0        tcp     0     9         10.2464            94.1567
           0        tcp     0     9         11.2531            69.1682
           0        tcp     0     9         12.2722            84.4005
           0        tcp     0     9         13.2838            85.0304
           0        tcp     0     9         14.3033            104.465
           0        tcp     0     9         15.3637            88.8446
           0        tcp     0     9         16.3885            83.9299
           0        tcp     0     9          17.397            81.2301
           0        tcp     0     9         18.4424            74.4445
           0        tcp     0     9         19.4693            87.7472
           0        tcp     0     9         20.5438            68.6172
           0        tcp     0     9         21.5806            75.0635
           0        tcp     0     9         22.6117            71.5019
           0        tcp     0     9         23.6589            70.4049
           0        tcp     0     9         24.6657            73.2303
           0        tcp     0     9         25.6874             68.155
           0        tcp     0     9         26.7334            70.4892
           0        tcp     0     9         27.7773            66.7029
           0        tcp     0     9         28.8151            71.0394
           0        tcp     0     9         29.8666            93.4901
           0        tcp     0     9          30.876            73.0403
           0        tcp     0     9         31.8894              68.71
           0        tcp     0     9         32.9396            78.0044
           0        tcp     0     9         34.0109            80.2906
           0        tcp     0     9         35.0266            92.7537
           0        tcp     0     9         36.0801            69.9842
           0        tcp     0     9         37.0835             73.483
           0        tcp     0     9         38.1297            90.0471
           0        tcp     0     9         39.1395            73.0132
           0        tcp     0     9         40.1473             73.153
           0        tcp     0     9         41.1827              90.99
           0        tcp     0     9         42.1984            92.7522
           0        tcp     0     9         43.2418             66.737
           0        tcp     0     9         44.2758            71.2977
           0        tcp     0     9         45.2772            69.5399
           0        tcp     0     9         46.3191            74.6944
           0        tcp     0     9         47.3682            74.1759
           0        tcp     0     9         48.3809            72.8061
           0        tcp     0     9         49.3825            73.6141
           0        tcp     0     9         50.3905              73.14
           0        tcp     0     9         51.3919             69.531
           0        tcp     0     9         52.4233             87.374
           0        tcp     0     9         53.5135            71.3842
           0        tcp     0     9          54.514            73.6921
           0        tcp     0     9          55.551            71.0986
           0        tcp     0     9         56.5933            66.8048
           0        tcp     0     9         57.6185            91.8888
           0        tcp     0     9         58.6725            73.8353
           0        tcp     0     9         59.6886            88.6847
           0        tcp     0     9         60.6936            89.6704
           0        tcp     0     9         61.7139            68.2448
           0        tcp     0     9         62.7429            91.5548
           0        tcp     0     9          63.775            67.4669
           0        tcp     0     9         64.8201            82.3041
           0        tcp     0     9         65.8572            75.0341
           0        tcp     0     9         66.8941            71.1044
           0        tcp     0     9         67.8948            94.1477
           0        tcp     0     9         68.9167            72.1495
           0        tcp     0     9         69.9391             92.143
           0        tcp     0     9         71.0022            73.1999
           0        tcp     0     9         72.0429            74.7799
           0        tcp     0     9          73.109            69.1579
           0        tcp     0     9         74.1178            69.0257
           0        tcp     0     9         75.1328            92.8184
           0        tcp     0     9         76.1582            71.8981
           0        tcp     0     9         77.2305            72.5807
           0        tcp     0     9         78.2838            73.8859
           0        tcp     0     9         79.3528            68.9684
           0        tcp     0     9         80.3742            72.1818
           0        tcp     0     9         81.4015            91.7046
           0        tcp     0     9         82.4181            76.5521
           0        tcp     0     9         83.4665            66.4204
           0        tcp     0     9         84.5075            74.7582
           0        tcp     0     9         85.5217            72.6975
           0        tcp     0     9         86.5635            90.4272
           0        tcp     0     9         87.6034             70.896
           0        tcp     0     9         88.6397            75.0967
           0        tcp     0     9         89.6523            72.8102
           0        tcp     0     9         90.7072            89.3124
           0        tcp     0     9          91.731             76.014
           0        tcp     0     9         92.7714            86.6093
           0        tcp     0     9         93.7825            89.1212
           0        tcp     0     9         94.7961             72.742
           0        tcp     0     9          95.835            86.7368
           0        tcp     0     9         96.8491            76.7415
           0        tcp     0     9         97.9045             73.742
           0        tcp     0     9         98.9403            71.1773
           0        tcp     0     9          99.998            69.7019



--- UDP Rate: 24Kb ---
#       flow   flowType   src   dst            time         throughput

           0        tcp     0     9         2.07559            57.1224
           0        tcp     0     9         3.15028            83.8493
           0        tcp     0     9         4.17146            64.1764
           0        tcp     0     9         5.22568            73.8216
           0        tcp     0     9         6.29756            64.9626
           0        tcp     0     9         7.35222            62.1392
           0        tcp     0     9         8.37219            60.2369
           0        tcp     0     9         9.38921            72.4941
           0        tcp     0     9         10.4532            65.4432
           0        tcp     0     9         11.4625            73.0476
           0        tcp     0     9         12.5253            57.8101
           0        tcp     0     9         13.5845            65.7445
           0        tcp     0     9         14.6196            67.2685
           0        tcp     0     9         15.6234            61.2041
           0        tcp     0     9           16.64            76.5598
           0        tcp     0     9         17.6546             64.593
           0        tcp     0     9         18.6712            60.4355
           0        tcp     0     9         19.7087            63.1669
           0        tcp     0     9         20.7584            62.4311
           0        tcp     0     9         21.7698            64.7979
           0        tcp     0     9         22.7704             61.406
           0        tcp     0     9         23.8066            67.1994
           0        tcp     0     9         24.8527            62.6435
           0        tcp     0     9         25.8872            63.3553
           0        tcp     0     9         26.9188            63.5232
           0        tcp     0     9         27.9599            62.9503
           0        tcp     0     9         28.9889             63.689
           0        tcp     0     9          30.003            64.6245
           0        tcp     0     9         31.0322            59.6969
           0        tcp     0     9         32.1019            68.9262
           0        tcp     0     9         33.1178            60.4765
           0        tcp     0     9         34.1341            64.4846
           0        tcp     0     9          35.138             77.527
           0        tcp     0     9         36.1435            73.3211
           0        tcp     0     9         37.1615            64.3771
           0        tcp     0     9         38.1846            60.0512
           0        tcp     0     9         39.2194            63.3339
           0        tcp     0     9         40.2424            68.0661
           0        tcp     0     9         41.3184            72.3256
           0        tcp     0     9           42.33            64.7839
           0        tcp     0     9         43.3715            62.9245
           0        tcp     0     9         44.3887            64.4312
           0        tcp     0     9         45.4615            80.1817
           0        tcp     0     9         46.4876            63.8669
           0        tcp     0     9         47.5134            63.8852
           0        tcp     0     9         48.5481             59.379
           0        tcp     0     9         49.5721            80.0034
           0        tcp     0     9         50.5762            65.2674
           0        tcp     0     9         51.5829            65.0991
           0        tcp     0     9          52.604            76.2181
           0        tcp     0     9         53.6179            80.7968
           0        tcp     0     9         54.6292            68.8541
           0        tcp     0     9         55.6731            78.4716
           0        tcp     0     9         56.7314            69.6664
           0        tcp     0     9         57.7439            64.7289
           0        tcp     0     9         58.7601            68.5243
           0        tcp     0     9         59.7851            87.9097
           0        tcp     0     9         60.7886            65.3114
           0        tcp     0     9         61.7992            64.8473
           0        tcp     0     9         62.8399            62.9711
           0        tcp     0     9         63.8987            61.8945
           0        tcp     0     9          64.917             80.451
           0        tcp     0     9         65.9671            62.4087
           0        tcp     0     9         67.0024            59.3433
           0        tcp     0     9         68.0248            72.1193
           0        tcp     0     9         69.0637            67.0217
           0        tcp     0     9         70.0904            63.8348
           0        tcp     0     9         71.1264            59.3039
           0        tcp     0     9         72.1668            66.9269
           0        tcp     0     9         73.2263            73.4546
           0        tcp     0     9          74.253            63.8307
           0        tcp     0     9         75.2993            62.6358
           0        tcp     0     9         76.3262            63.8203
           0        tcp     0     9         77.3723            62.6476
           0        tcp     0     9         78.3964            63.9942
           0        tcp     0     9         79.4256            63.6723
           0        tcp     0     9         80.4384            84.9316
           0        tcp     0     9         81.4741            63.2777
           0        tcp     0     9         82.5027            63.7157
           0        tcp     0     9         83.5238            80.2247
           0        tcp     0     9         84.5386            64.5806
           0        tcp     0     9         85.5413            77.6141
           0        tcp     0     9         86.5728            59.5619
           0        tcp     0     9         87.6103            63.1682
           0        tcp     0     9         88.6973            60.2891
           0        tcp     0     9         89.7225            63.9257
           0        tcp     0     9         90.7698            62.5761
           0        tcp     0     9         91.8041            63.3653
           0        tcp     0     9         92.8569            62.2495
           0        tcp     0     9         93.9344            64.6205
           0        tcp     0     9         94.9382            77.5331
           0        tcp     0     9         95.9412             81.674
           0        tcp     0     9         96.9425            77.7248
           0        tcp     0     9         97.9566            64.6231
           0        tcp     0     9         99.0113            62.1362



--- UDP Rate: 32Kb ---
#       flow   flowType   src   dst            time         throughput

           0        tcp     0     9         2.00099            49.1032
           0        tcp     0     9           3.058            54.2513
           0        tcp     0     9         4.09178            55.4704
           0        tcp     0     9         5.12979            51.2983
           0        tcp     0     9         6.17534            58.7631
           0        tcp     0     9         7.22973              66.04
           0        tcp     0     9         8.23315            53.0664
           0        tcp     0     9         9.23411            57.2891
           0        tcp     0     9         10.3787            53.6771
           0        tcp     0     9         11.4231            58.8314
           0        tcp     0     9         12.5211            55.9541
           0        tcp     0     9         13.5589            55.2544
           0        tcp     0     9         14.5859            55.8361
           0        tcp     0     9         15.6379             54.511
           0        tcp     0     9         16.6888            54.5658
           0        tcp     0     9          17.701            56.6522
           0        tcp     0     9         18.7207              56.24
           0        tcp     0     9         19.8307            62.7287
           0        tcp     0     9         20.9069            53.2825
           0        tcp     0     9         21.9407            55.4689
           0        tcp     0     9         23.0283            52.7289
           0        tcp     0     9         24.0443            52.4086
           0        tcp     0     9         25.0467            57.2084
           0        tcp     0     9         26.0493            61.2802
           0        tcp     0     9         27.0884            63.0709
           0        tcp     0     9         28.1146            55.8771
           0        tcp     0     9         29.1791            53.8684
           0        tcp     0     9         30.1954            52.3977
           0        tcp     0     9          31.244            54.6813
           0        tcp     0     9         32.3093            57.6748
           0        tcp     0     9         33.3494            66.9483
           0        tcp     0     9          34.397            54.7373
           0        tcp     0     9         35.4337            55.3172
           0        tcp     0     9         36.5157            52.9965
           0        tcp     0     9         37.5618            54.8156
           0        tcp     0     9         38.6231             61.754
           0        tcp     0     9         39.6645            51.1287
           0        tcp     0     9         40.6997            55.3944
           0        tcp     0     9         41.7174            64.3979
           0        tcp     0     9         42.7489            59.5611
           0        tcp     0     9         43.7907             62.911
           0        tcp     0     9         44.8405            54.6236
           0        tcp     0     9         45.9349            56.1406
           0        tcp     0     9         46.9757             55.093
           0        tcp     0     9         48.0574            56.8029
           0        tcp     0     9         49.0791            56.1239
           0        tcp     0     9         50.0986            56.2497
           0        tcp     0     9         51.1552             54.268
           0        tcp     0     9         52.1689            56.5709
           0        tcp     0     9         53.2158            54.7754
           0        tcp     0     9         54.3138            55.9559
           0        tcp     0     9         55.3659            54.5028
           0        tcp     0     9         56.4124            54.7972
           0        tcp     0     9         57.4645            54.5043
           0        tcp     0     9         58.5385            53.3957
           0        tcp     0     9         59.5997            57.8959
           0        tcp     0     9         60.6276            55.7843
           0        tcp     0     9         61.6603            67.4286
           0        tcp     0     9         62.6946            55.4418
           0        tcp     0     9         63.7635            57.4802
           0        tcp     0     9         64.8094            54.8254
           0        tcp     0     9         65.8289            64.2859
           0        tcp     0     9          66.852            56.0465
           0        tcp     0     9         67.9102            54.1906
           0        tcp     0     9         68.9274             56.375
           0        tcp     0     9         69.9643            67.1558
           0        tcp     0     9         70.9776            60.6308
           0        tcp     0     9         71.9909            60.6374
           0        tcp     0     9         73.0433            50.5941
           0        tcp     0     9         74.0516            56.8759
           0        tcp     0     9         75.0928            55.0722
           0        tcp     0     9         76.1098            52.3566
           0        tcp     0     9         77.1121            53.1268
           0        tcp     0     9          78.207            52.3766
           0        tcp     0     9         79.2587             66.208
           0        tcp     0     9         80.2608            53.1352
           0        tcp     0     9         81.3048            70.6221
           0        tcp     0     9         82.3767             61.137
           0        tcp     0     9         83.4264            66.3365
           0        tcp     0     9         84.4672            66.9044
           0        tcp     0     9         85.5381            57.3697
           0        tcp     0     9         86.5549            52.3718
           0        tcp     0     9          87.619            65.4318
           0        tcp     0     9          88.719            55.8587
           0        tcp     0     9         89.7632            50.9914
           0        tcp     0     9         90.7909            55.7972
           0        tcp     0     9         91.8496            58.0372
           0        tcp     0     9         92.8629            56.5921
           0        tcp     0     9         93.9172            54.3887
           0        tcp     0     9          94.932             56.507
           0        tcp     0     9         95.9506            60.3202
           0        tcp     0     9         97.0016            50.6622
           0        tcp     0     9         98.0452            54.9478
           0        tcp     0     9         99.0526            56.9224



--- UDP Rate: 40Kb ---
#       flow   flowType   src   dst            time         throughput

           0        tcp     0     9         2.01223            40.4652
           0        tcp     0     9         3.14689            46.9284
           0        tcp     0     9         4.17118            47.9866
           0        tcp     0     9         5.19174            48.1616
           0        tcp     0     9         6.26405            45.8374
           0        tcp     0     9         7.26544            44.9936
           0        tcp     0     9          8.3178            62.2753
           0        tcp     0     9         9.35725            47.2863
           0        tcp     0     9         10.5003            43.0002
           0        tcp     0     9         11.5041             48.965
           0        tcp     0     9         12.5199            48.3879
           0        tcp     0     9         13.5549            47.4902
           0        tcp     0     9         14.5741            48.2265
           0        tcp     0     9         15.6488            45.7373
           0        tcp     0     9          16.689            47.2528
           0        tcp     0     9         17.7118            52.0573
           0        tcp     0     9         18.7502            47.3374
           0        tcp     0     9         19.8347            45.3204
           0        tcp     0     9         20.8767            43.2404
           0        tcp     0     9         21.8813            48.9291
           0        tcp     0     9         22.9196            47.3392
           0        tcp     0     9         23.9341            48.4492
           0        tcp     0     9         24.9668            43.6286
           0        tcp     0     9         25.9814            44.4063
           0        tcp     0     9         27.0059            51.9747
           0        tcp     0     9         28.0338            59.7727
           0        tcp     0     9         29.0596            47.9142
           0        tcp     0     9         30.0633            48.9723
           0        tcp     0     9         31.0835             48.179
           0        tcp     0     9         32.1326            46.8515
           0        tcp     0     9         33.2083            45.6919
           0        tcp     0     9         34.2527            50.9849
           0        tcp     0     9         35.3282            45.7042
           0        tcp     0     9         36.3425             48.455
           0        tcp     0     9         37.4221            45.5295
           0        tcp     0     9         38.4359             44.441
           0        tcp     0     9         39.5165            45.4867
           0        tcp     0     9         40.6224            48.1487
           0        tcp     0     9         41.6674            47.0376
           0        tcp     0     9         42.6927            47.9367
           0        tcp     0     9         43.6976            44.8364
           0        tcp     0     9         44.7396            47.1702
           0        tcp     0     9         45.7778            47.3464
           0        tcp     0     9         46.7808             49.004
           0        tcp     0     9          47.839            46.4485
           0        tcp     0     9         48.8516            48.5387
           0        tcp     0     9          49.932            45.4947
           0        tcp     0     9         50.9676            47.4653
           0        tcp     0     9         52.0304            50.0986
           0        tcp     0     9         53.1293            44.7305
           0        tcp     0     9           54.19            46.3402
           0        tcp     0     9         55.2315            47.1902
           0        tcp     0     9         56.2692            43.4195
           0        tcp     0     9         57.3169            46.9157
           0        tcp     0     9         58.3214            44.8519
           0        tcp     0     9           59.35            47.7853
           0        tcp     0     9         60.3608            44.5777
           0        tcp     0     9         61.4617            48.3642
           0        tcp     0     9         62.5335            49.6813
           0        tcp     0     9         63.5866            46.6758
           0        tcp     0     9         64.6568            45.9292
           0        tcp     0     9         65.6866            47.7276
           0        tcp     0     9         66.7394            42.7949
           0        tcp     0     9         67.7979            46.4352
           0        tcp     0     9         68.8283            47.7019
           0        tcp     0     9         69.8352            48.8194
           0        tcp     0     9         70.9356             44.665
           0        tcp     0     9         71.9807            47.0329
           0        tcp     0     9         73.0124            47.6386
           0        tcp     0     9         74.0689            54.2801
           0        tcp     0     9         75.0783            48.6939
           0        tcp     0     9         76.1918            44.1404
           0        tcp     0     9         77.2421            50.7019
           0        tcp     0     9         78.2907            54.6828
           0        tcp     0     9         79.3069            48.3674
           0        tcp     0     9         80.3829            45.6807
           0        tcp     0     9         81.4688            45.2663
           0        tcp     0     9          82.522            58.3354
           0        tcp     0     9         83.5588            51.3599
           0        tcp     0     9         84.6503            45.0287
           0        tcp     0     9         85.6772             47.864
           0        tcp     0     9         86.6942            44.3034
           0        tcp     0     9         87.7964            48.3099
           0        tcp     0     9         88.8104            44.4352
           0        tcp     0     9         89.8463            47.4489
           0        tcp     0     9           90.87            60.0165
           0        tcp     0     9         91.8819            44.5267
           0        tcp     0     9         92.9589            45.6377
           0        tcp     0     9         94.0114            46.7007
           0        tcp     0     9         95.0331            48.1103
           0        tcp     0     9          96.048            56.5003
           0        tcp     0     9         97.0595            48.5925
           0        tcp     0     9         98.1042            47.0492
           0        tcp     0     9         99.1275            60.0422



--- UDP Rate: 48Kb ---
#       flow   flowType   src   dst            time         throughput

           0        tcp     0     9          2.0115             36.445
           0        tcp     0     9         3.05707             50.927
           0        tcp     0     9         4.09075            39.6255
           0        tcp     0     9         5.11073            40.1578
           0        tcp     0     9         6.20631            37.3866
           0        tcp     0     9         7.21058            40.7857
           0        tcp     0     9         8.25851            39.0866
           0        tcp     0     9          9.2856            39.8796
           0        tcp     0     9         10.3098             35.994
           0        tcp     0     9         11.3666            34.8829
           0        tcp     0     9         12.4225            38.7889
           0        tcp     0     9         13.5344            36.8403
           0        tcp     0     9         14.6274            41.2197
           0        tcp     0     9         15.6385            44.5623
           0        tcp     0     9         16.6671            43.8057
           0        tcp     0     9         17.7327            38.4364
           0        tcp     0     9         18.8185            37.7246
           0        tcp     0     9         19.9006            37.8524
           0        tcp     0     9         20.9625            38.5697
           0        tcp     0     9         21.9699            40.6607
           0        tcp     0     9         22.9953            39.9441
           0        tcp     0     9         24.0268            43.6822
           0        tcp     0     9          25.045            36.2052
           0        tcp     0     9          26.079            47.5374
           0        tcp     0     9         27.1251            39.1546
           0        tcp     0     9         28.2127            37.6584
           0        tcp     0     9          29.254            39.3384
           0        tcp     0     9         30.3391            37.7476
           0        tcp     0     9         31.3528            40.4038
           0        tcp     0     9         32.3841            39.7181
           0        tcp     0     9         33.4728             37.624
           0        tcp     0     9         34.5465            38.1456
           0        tcp     0     9         35.5831            39.5144
           0        tcp     0     9         36.6377            42.7263
           0        tcp     0     9         37.7711            36.1383
           0        tcp     0     9         38.8055            39.5981
           0        tcp     0     9         39.9458            39.5108
           0        tcp     0     9         41.0192             38.159
           0        tcp     0     9         42.0677            39.0672
           0        tcp     0     9         43.1617            37.4401
           0        tcp     0     9         44.2713            40.6059
           0        tcp     0     9          45.387            36.7108
           0        tcp     0     9         46.3958            40.6015
           0        tcp     0     9         47.3991            40.8257
           0        tcp     0     9         48.4007             36.805
           0        tcp     0     9         49.4764            41.8861
           0        tcp     0     9         50.5092            39.6584
           0        tcp     0     9         51.5322            40.0404
           0        tcp     0     9         52.6923            38.8389
           0        tcp     0     9         53.6987            40.7006
           0        tcp     0     9         54.7798            41.6758
           0        tcp     0     9         55.7921            36.4135
           0        tcp     0     9         56.7987            44.7614
           0        tcp     0     9         57.8343            43.5069
           0        tcp     0     9         58.8705            39.5302
           0        tcp     0     9         59.9506            41.7143
           0        tcp     0     9         60.9673            40.2863
           0        tcp     0     9         62.1017            36.1081
           0        tcp     0     9         63.2101            40.6505
           0        tcp     0     9         64.2478            39.4696
           0        tcp     0     9          65.257            44.6458
           0        tcp     0     9         66.2973            43.3102
           0        tcp     0     9         67.3778             37.909
           0        tcp     0     9         68.3897            40.4776
           0        tcp     0     9         69.4362            35.2267
           0        tcp     0     9         70.4993            38.5275
           0        tcp     0     9         71.5705            42.0633
           0        tcp     0     9         72.6502            37.9344
           0        tcp     0     9         73.7044            38.8546
           0        tcp     0     9         74.7587            38.8529
           0        tcp     0     9         75.8339            38.0949
           0        tcp     0     9         76.9115              38.01
           0        tcp     0     9         77.9205            40.5956
           0        tcp     0     9          78.973            38.9152
           0        tcp     0     9         80.0068            39.6212
           0        tcp     0     9           81.14             36.145
           0        tcp     0     9         82.2633            40.1097
           0        tcp     0     9         83.3334            38.2789
           0        tcp     0     9          84.391            38.7265
           0        tcp     0     9         85.3957            40.7693
           0        tcp     0     9          86.504            36.9584
           0        tcp     0     9         87.5575            38.8813
           0        tcp     0     9         88.6596            40.8797
           0        tcp     0     9         89.6638            40.7899
           0        tcp     0     9         90.6985            43.5455
           0        tcp     0     9         91.7042            40.7269
           0        tcp     0     9         92.8734            38.5352
           0        tcp     0     9         93.9786            37.0624
           0        tcp     0     9         95.0282            39.0246
           0        tcp     0     9         96.0486            36.1273
           0        tcp     0     9         97.0823            39.6248
           0        tcp     0     9         98.1495            38.3801
           0        tcp     0     9         99.2214            38.2133



--- UDP Rate: 56Kb ---
#       flow   flowType   src   dst            time         throughput

           0        tcp     0     9         2.14659            28.5786
           0        tcp     0     9         3.16384            32.2126
           0        tcp     0     9         4.33287            31.5338
           0        tcp     0     9          5.4098            38.0341
           0        tcp     0     9         6.47416            34.6349
           0        tcp     0     9         7.56219             37.646
           0        tcp     0     9         8.60727            31.3545
           0        tcp     0     9         9.64737            31.5044
           0        tcp     0     9         10.6651            36.2233
           0        tcp     0     9         11.8022            32.4177
           0        tcp     0     9         12.8091            32.5431
           0        tcp     0     9          13.931            32.8589
           0        tcp     0     9         15.0279            33.6076
           0        tcp     0     9         16.0489            32.0957
           0        tcp     0     9         17.0736            31.9776
           0        tcp     0     9         18.1551            34.0858
           0        tcp     0     9         19.3698            30.3479
           0        tcp     0     9         20.4405            30.6052
           0        tcp     0     9         21.4827            35.3714
           0        tcp     0     9         22.5272            31.3707
           0        tcp     0     9         23.5902            30.8259
           0        tcp     0     9         24.6533            34.6748
           0        tcp     0     9         25.6619            28.4283
           0        tcp     0     9         26.7335             34.401
           0        tcp     0     9         27.8881            28.3797
           0        tcp     0     9         28.9392            35.0721
           0        tcp     0     9         29.9856            39.1439
           0        tcp     0     9          31.062            30.4425
           0        tcp     0     9         32.2073            32.1888
           0        tcp     0     9         33.2375            35.7827
           0        tcp     0     9         34.2632            31.9463
           0        tcp     0     9         35.2669            28.5663
           0        tcp     0     9         36.3053            31.5552
           0        tcp     0     9         37.4208            33.0485
           0        tcp     0     9         38.4714            38.9852
           0        tcp     0     9         39.4822            32.4188
           0        tcp     0     9         40.5151            31.7241
           0        tcp     0     9         41.6514            28.8373
           0        tcp     0     9         42.7226            30.5898
           0        tcp     0     9         43.9158            30.8948
           0        tcp     0     9         45.0116            33.6413
           0        tcp     0     9         46.0319            32.1165
           0        tcp     0     9         47.0787            31.3042
           0        tcp     0     9         48.1841            33.3491
           0        tcp     0     9          49.262            34.2008
           0        tcp     0     9         50.3187            27.1326
           0        tcp     0     9         51.3624            35.3213
           0        tcp     0     9         52.4878            29.1163
           0        tcp     0     9          53.554            34.5743
           0        tcp     0     9         54.6163            30.8471
           0        tcp     0     9         55.7407            32.7862
           0        tcp     0     9           56.75            28.4069
           0        tcp     0     9         57.8192            30.6468
           0        tcp     0     9         58.8389            32.1337
           0        tcp     0     9         59.8551            32.2461
           0        tcp     0     9         60.9703            33.0583
           0        tcp     0     9         62.0353             30.766
           0        tcp     0     9         63.0911            31.0382
           0        tcp     0     9         64.1035            36.4121
           0        tcp     0     9         65.1843            30.3174
           0        tcp     0     9         66.2181            31.6966
           0        tcp     0     9         67.2712            35.0052
           0        tcp     0     9         68.2724            28.6368
           0        tcp     0     9         69.2747            32.6942
           0        tcp     0     9         70.3024            31.8829
           0        tcp     0     9         71.4649            31.7126
           0        tcp     0     9         72.5211            34.9029
           0        tcp     0     9         73.6373            33.0254
           0        tcp     0     9         74.7412            29.6844
           0        tcp     0     9         75.8627             32.871
           0        tcp     0     9         76.9236            30.8853
           0        tcp     0     9          78.013            30.0787
           0        tcp     0     9         79.0772            30.7917
           0        tcp     0     9         80.0952            36.2141
           0        tcp     0     9         81.2456            35.6025
           0        tcp     0     9         82.3043            34.8204
           0        tcp     0     9         83.4112            33.3055
           0        tcp     0     9         84.4541            31.4191
           0        tcp     0     9         85.5027            35.1552
           0        tcp     0     9          86.575            34.3782
           0        tcp     0     9         87.6451             30.621
           0        tcp     0     9         88.7341            33.8536
           0        tcp     0     9         89.8161            30.2822
           0        tcp     0     9         90.8515            31.6495
           0        tcp     0     9         91.8886            35.5444
           0        tcp     0     9         92.9775            30.0917
           0        tcp     0     9         94.0126            35.6148
           0        tcp     0     9         95.0669            31.0823
           0        tcp     0     9         96.1292            30.8454
           0        tcp     0     9         97.1833            31.0858
           0        tcp     0     9         98.3268            32.2391
           0        tcp     0     9         99.4331            33.3192


