#       flow   flowType   src   dst            time         throughput

           0        tcp     0    14         1.21671            56.7016
           0        tcp     0    14         1.42379            158.243
           0        tcp     0    14         1.62709            161.179
           0        tcp     0    14         1.85316            144.944
           0        tcp     0    14         2.67692            4.97236
           0        tcp     0    14         2.89193             57.149
           0        tcp     0    14          3.1103            56.2722
           0        tcp     0    14         3.32962            56.0285
           0        tcp     0    14         3.58722             79.501
           0        tcp     0    14         3.80995            110.341
           0        tcp     0    14         4.02796            56.3653
           0        tcp     0    14         4.30051            90.1717
           0        tcp     0    14         4.51868            56.3212
           0        tcp     0    14         4.73507            56.7871
           0        tcp     0    14         4.95186            56.6824
           0        tcp     0    14         5.16873            56.6588
           0        tcp     0    14          5.3843            57.0032
           0        tcp     0    14         5.60304            56.1771
           0        tcp     0    14         5.82319            93.0268
           0        tcp     0    14         6.03076            157.866
           0        tcp     0    14          6.2465            113.914
           0        tcp     0    14         6.47167            90.9532
           0        tcp     0    14         6.67588             100.29
           0        tcp     0    14         6.90924            87.7614
           0        tcp     0    14         7.11474            99.6599
           0        tcp     0    14         7.33183            94.3376
           0        tcp     0    14         7.55834            144.666
           0        tcp     0    14          7.7792             129.82
           0        tcp     0    14         8.02166            135.147
           0        tcp     0    14         8.24194            148.757
           0        tcp     0    14         8.44989            118.179
           0        tcp     0    14         8.67787            143.735
           0        tcp     0    14         8.87795             122.83
           0        tcp     0    14         9.11717            85.6117
           0        tcp     0    14         9.36035            117.902
           0        tcp     0    14         9.58346            128.515
           0        tcp     0    14         9.78723            100.501
           0        tcp     0    14         10.0071            111.786
           0        tcp     0    14         10.2435            103.947
           0        tcp     0    14          10.497            80.8078
           0        tcp     0    14         10.7161            56.0668
           0        tcp     0    14         10.9318            56.9847
           0        tcp     0    14         11.1491            56.5467
           0        tcp     0    14         11.3659            113.346
           0        tcp     0    14         11.5785            154.097
           0        tcp     0    14         11.7894            155.383
           0        tcp     0    14         12.0107            129.546
           0        tcp     0    14         12.2537            84.2939
           0        tcp     0    14         12.4583            100.112
           0        tcp     0    14         12.6773            130.879
           0        tcp     0    14         12.8984            129.709
           0        tcp     0    14         13.1055            138.411
           0        tcp     0    14         13.3213             151.91
           0        tcp     0    14          13.533            154.758
           0        tcp     0    14         13.7576            145.899
           0        tcp     0    14         13.9721            133.648
           0        tcp     0    14         14.1909            93.6301
           0        tcp     0    14         14.4256            87.2436
           0        tcp     0    14         14.6439            112.561
           0        tcp     0    14         14.8569             115.42
           0        tcp     0    14          15.069            135.172
           0        tcp     0    14         15.2775            137.485
           0        tcp     0    14         15.4868            117.422
           0        tcp     0    14         15.6982            116.258
           0        tcp     0    14         15.9011            141.289
           0        tcp     0    14         16.1064            139.676
           0        tcp     0    14         16.3194            153.833
           0        tcp     0    14         16.5244            139.887
           0        tcp     0    14         16.7263             121.69
           0        tcp     0    14         16.9391            115.521
           0        tcp     0    14         17.1526            134.287
           0        tcp     0    14          17.401            131.923
           0        tcp     0    14         17.6265            108.956
           0        tcp     0    14          17.853            90.4365
           0        tcp     0    14         18.0532            122.756
           0        tcp     0    14         18.2702            132.129
           0        tcp     0    14         18.4898            149.239
           0        tcp     0    14         18.7127             147.02
           0        tcp     0    14         18.9227            136.501
           0        tcp     0    14         19.1349             135.13
           0        tcp     0    14         19.3533            131.246
           0        tcp     0    14         19.5746            148.099
           0        tcp     0    14         19.7818            158.149
           0        tcp     0    14         20.0072            127.224
           0        tcp     0    14         20.2223            114.234
           0        tcp     0    14         20.4494            108.215
           0        tcp     0    14         20.6944            133.748
           0        tcp     0    14         20.9151            148.461
           0        tcp     0    14         21.1374            147.413
           0        tcp     0    14          21.354            151.295
           0        tcp     0    14          21.579            127.408
           0        tcp     0    14         21.7886            136.833
           0        tcp     0    14         21.9927            140.462
           0        tcp     0    14         22.1996            138.567
           0        tcp     0    14         22.4066            118.739
           0        tcp     0    14         22.6238            132.006
           0        tcp     0    14         22.8253            121.946
           0        tcp     0    14         23.0388            95.9201
           0        tcp     0    14         23.2652            90.4933
           0        tcp     0    14           23.49            91.0762
           0        tcp     0    14         23.6963            119.118
           0        tcp     0    14         23.9055            137.091
           0        tcp     0    14         24.1165            155.261
           0        tcp     0    14         24.3233            138.685
           0        tcp     0    14         24.5561             140.77
           0        tcp     0    14         24.7602            140.448
           0        tcp     0    14         24.9826            147.318
           0        tcp     0    14         25.2069            164.377
           0        tcp     0    14          25.408            142.553
           0        tcp     0    14         25.6266            131.201
           0        tcp     0    14         25.8717            116.984
           0        tcp     0    14         26.0856            114.862
           0        tcp     0    14         26.3032            94.1335
           0        tcp     0    14         26.5267            91.6144
           0        tcp     0    14         26.7878            94.1253
           0        tcp     0    14         27.0142            144.743
           0        tcp     0    14         27.2212            138.532
           0        tcp     0    14         27.4507            124.917
           0        tcp     0    14         27.6512            102.175
           0        tcp     0    14         27.8636            96.4079
           0        tcp     0    14         28.0891            90.8027
           0        tcp     0    14         28.3399            81.6589
           0        tcp     0    14         28.5536            115.036
           0        tcp     0    14         28.7588            139.711
           0        tcp     0    14         28.9596             122.41
           0        tcp     0    14         29.1738            133.802
           0        tcp     0    14         29.3823            137.543
           0        tcp     0    14         29.5999            131.754
           0        tcp     0    14         29.8179            112.758
           0        tcp     0    14         30.0363            112.535
           0        tcp     0    14         30.2606            109.539
           0        tcp     0    14         30.4733            96.3086
           0        tcp     0    14         30.6859            115.587
           0        tcp     0    14         30.8882            141.723
           0        tcp     0    14         31.1105            147.412
           0        tcp     0    14         31.3191            157.045
           0        tcp     0    14         31.5567             137.94
           0        tcp     0    14         31.7567            122.874
           0        tcp     0    14         31.9937            86.4012
           0        tcp     0    14         32.2085            95.3549
           0        tcp     0    14         32.4357            72.1179
           0        tcp     0    14         32.6417            99.4305
           0        tcp     0    14          32.867            163.604
           0        tcp     0    14         33.0881            129.677
           0        tcp     0    14         33.3045            113.571
           0        tcp     0    14         33.5168            115.757
           0        tcp     0    14         33.7479            88.6273
           0        tcp     0    14         34.0226            89.4489
           0        tcp     0    14         34.2388            56.8502
           0        tcp     0    14         34.4695            124.262
           0        tcp     0    14         34.6949            145.361
           0        tcp     0    14         34.9326            137.873
           0        tcp     0    14         35.1472            152.683
           0        tcp     0    14         35.3687            147.961
           0        tcp     0    14         35.5873            131.128
           0        tcp     0    14         35.7902            141.327
           0        tcp     0    14         36.0324             135.32
           0        tcp     0    14         36.2387            119.125
           0        tcp     0    14         36.4513            154.075
           0        tcp     0    14         36.6725            148.158
           0        tcp     0    14         36.8766            140.473
           0        tcp     0    14         37.0788            141.819
           0        tcp     0    14         37.2956            113.371
           0        tcp     0    14         37.5002            120.078
           0        tcp     0    14         37.7075            118.549
           0        tcp     0    14         37.9167            117.475
           0        tcp     0    14         38.1192            121.401
           0        tcp     0    14         38.3207            121.969
           0        tcp     0    14         38.5311             155.72
           0        tcp     0    14         38.7388            157.801
           0        tcp     0    14         38.9428            120.418
           0        tcp     0    14          39.181            137.604
           0        tcp     0    14         39.3816            142.954
           0        tcp     0    14         39.6104            107.374
           0        tcp     0    14         39.8321            110.868
           0        tcp     0    14         40.0365            160.284
           0        tcp     0    14         40.2508            152.958
           0        tcp     0    14         40.4643            134.254
           0        tcp     0    14         40.6996            104.458
           0        tcp     0    14         40.9188            130.818
           0        tcp     0    14         41.1215            121.221
           0        tcp     0    14         41.3414             111.76
           0        tcp     0    14         41.5593            131.584
           0        tcp     0    14          41.764            140.073
           0        tcp     0    14         41.9856            129.418
           0        tcp     0    14         42.1961            116.732
           0        tcp     0    14         42.4148            149.791
           0        tcp     0    14         42.6426              125.9
           0        tcp     0    14         42.8643            110.842
           0        tcp     0    14         43.1339            91.1564
           0        tcp     0    14         43.3448             135.95
           0        tcp     0    14         43.5709            108.679
           0        tcp     0    14         43.7924             147.99
           0        tcp     0    14         44.0018            136.894
           0        tcp     0    14         44.2149            134.541
           0        tcp     0    14         44.4515            121.179
           0        tcp     0    14         44.6955            100.714
           0        tcp     0    14         44.9607            92.6738
           0        tcp     0    14         45.1628            101.365
           0        tcp     0    14         45.3896            90.3061
           0        tcp     0    14         45.6178            125.633
           0        tcp     0    14         45.8328            133.335
           0        tcp     0    14         46.0387            139.279
           0        tcp     0    14         46.2788            119.384
           0        tcp     0    14         46.5219            117.975
           0        tcp     0    14         46.7235            142.238
           0        tcp     0    14         46.9293            159.214
           0        tcp     0    14         47.1331            120.576
           0        tcp     0    14         47.3506            94.1495
           0        tcp     0    14         47.5635            96.2114
           0        tcp     0    14         47.7845            111.184
           0        tcp     0    14         48.0029            112.541
           0        tcp     0    14         48.2291            144.854
           0        tcp     0    14         48.4434             152.89
           0        tcp     0    14         48.6606            150.888
           0        tcp     0    14         48.8711            136.205
           0        tcp     0    14         49.0804            117.405
           0        tcp     0    14         49.2944            134.028
           0        tcp     0    14         49.4972            141.327
           0        tcp     0    14         49.7148            131.792
           0        tcp     0    14         49.9248            156.009
           0        tcp     0    14          50.135            136.419
           0        tcp     0    14         50.3758             136.07
           0        tcp     0    14         50.6114            139.094
           0        tcp     0    14         50.8347            128.394
           0        tcp     0    14         51.0571            147.338
           0        tcp     0    14         51.2729            132.897
           0        tcp     0    14         51.4834            136.153
           0        tcp     0    14          51.722            137.369
           0        tcp     0    14         51.9256            120.701
           0        tcp     0    14         52.1291            120.736
           0        tcp     0    14         52.3421            115.401
           0        tcp     0    14         52.5801            120.476
           0        tcp     0    14          52.826            116.585
           0        tcp     0    14          53.036            156.084
           0        tcp     0    14         53.2553             149.39
           0        tcp     0    14         53.5035             115.52
           0        tcp     0    14         53.7059            121.414
           0        tcp     0    14         53.9212             95.129
           0        tcp     0    14         54.1708             98.473
           0        tcp     0    14          54.408            120.845
           0        tcp     0    14         54.6194            135.679
           0        tcp     0    14         54.8397            130.101
           0        tcp     0    14         55.0605            129.856
           0        tcp     0    14         55.2618            122.118
           0        tcp     0    14          55.466            160.485
           0        tcp     0    14         55.6666            142.942
           0        tcp     0    14         55.8672            142.895
           0        tcp     0    14         56.0968            142.713
           0        tcp     0    14          56.325            143.595
           0        tcp     0    14         56.5254            143.058
           0        tcp     0    14         56.7297            140.393
           0        tcp     0    14         56.9579            125.648
           0        tcp     0    14         57.1724            133.624
           0        tcp     0    14         57.3747            141.761
           0        tcp     0    14          57.577            141.709
           0        tcp     0    14         57.7844            118.521
           0        tcp     0    14         57.9855            122.187
           0        tcp     0    14         58.1869            101.676
           0        tcp     0    14         58.4173              106.7
           0        tcp     0    14          58.618            122.452
           0        tcp     0    14         58.8279            136.563
           0        tcp     0    14         59.0457            131.638
           0        tcp     0    14          59.265            149.425
           0        tcp     0    14         59.4685            140.929
           0        tcp     0    14         59.6822             134.16
           0        tcp     0    14         59.9098            143.978
           0        tcp     0    14         60.1318            110.673
           0        tcp     0    14          60.347            95.1626
           0        tcp     0    14         60.6149            91.7595
           0        tcp     0    14         60.8308            94.8334
           0        tcp     0    14         61.0487            131.585
           0        tcp     0    14         61.2776            125.266
           0        tcp     0    14         61.5028            127.315
           0        tcp     0    14         61.7067            140.665
           0        tcp     0    14          61.914            138.262
           0        tcp     0    14         62.1297            113.942
           0        tcp     0    14         62.3414            116.116
           0        tcp     0    14         62.5652            128.079
           0        tcp     0    14         62.7674            141.792
           0        tcp     0    14         62.9812            134.113
           0        tcp     0    14         63.2009            149.183
           0        tcp     0    14         63.4176            151.191
           0        tcp     0    14         63.6498            123.507
           0        tcp     0    14         63.8967            116.103
           0        tcp     0    14         64.1321            121.801
           0        tcp     0    14         64.3453            115.291
           0        tcp     0    14         64.5635            131.362
           0        tcp     0    14         64.7921            107.534
           0        tcp     0    14         65.0317            102.567
           0        tcp     0    14         65.2561            91.2588
           0        tcp     0    14         65.4858            89.1651
           0        tcp     0    14         65.7376            81.3455
           0        tcp     0    14         65.9861            82.4034
           0        tcp     0    14         66.1909            140.028
           0        tcp     0    14         66.4033             134.98
           0        tcp     0    14         66.6408            137.967
           0        tcp     0    14         66.8622            129.506
           0        tcp     0    14         67.0699            98.5845
           0        tcp     0    14         67.2927            91.9178
           0        tcp     0    14         67.5145            92.3335
           0        tcp     0    14         67.7192            100.071
           0        tcp     0    14         67.9598            85.1198
           0        tcp     0    14         68.1773            56.4918
           0        tcp     0    14         68.3948            150.657
           0        tcp     0    14         68.5964            121.903
           0        tcp     0    14         68.8003            140.619
           0        tcp     0    14         69.0106             136.33
           0        tcp     0    14         69.2187            137.785
           0        tcp     0    14         69.4361            131.864
           0        tcp     0    14          69.665            125.283
           0        tcp     0    14         69.8954            142.244
           0        tcp     0    14         70.1289             140.34
           0        tcp     0    14         70.3556            144.506
           0        tcp     0    14         70.5689            134.417
           0        tcp     0    14         70.7773             117.95
           0        tcp     0    14         70.9801            121.147
           0        tcp     0    14         71.1923            115.866
           0        tcp     0    14          71.393            102.003
           0        tcp     0    14         71.6263            87.8124
           0        tcp     0    14         71.8351             137.26
           0        tcp     0    14         72.0605            145.379
           0        tcp     0    14         72.2672            158.523
           0        tcp     0    14         72.4942            108.292
           0        tcp     0    14         72.6984            100.274
           0        tcp     0    14         72.9215            91.8125
           0        tcp     0    14         73.1305            97.9871
           0        tcp     0    14         73.3638            87.7669
           0        tcp     0    14          73.572            98.3991
           0        tcp     0    14          73.803            159.565
           0        tcp     0    14         74.0173            152.896
           0        tcp     0    14         74.2422            145.683
           0        tcp     0    14          74.445            141.431
           0        tcp     0    14         74.6795            139.714
           0        tcp     0    14          74.923            117.743
           0        tcp     0    14         75.1644            118.785
           0        tcp     0    14         75.3647            102.228
           0        tcp     0    14         75.5767            135.241
           0        tcp     0    14         75.8036            126.368
           0        tcp     0    14         76.0143            155.556
           0        tcp     0    14         76.2258            154.942
           0        tcp     0    14         76.4319            139.102
           0        tcp     0    14          76.644            154.516
           0        tcp     0    14         76.8515            118.417
           0        tcp     0    14         77.0932            118.642
           0        tcp     0    14         77.2972             120.45
           0        tcp     0    14         77.5481            97.9705
           0        tcp     0    14         77.8027            96.4931
           0        tcp     0    14         78.0264             91.585
           0        tcp     0    14         78.2935             92.015
           0        tcp     0    14         78.5183            163.915
           0        tcp     0    14         78.7295            135.797
           0        tcp     0    14          78.944            133.663
           0        tcp     0    14         79.1511            118.691
           0        tcp     0    14          79.353            121.701
           0        tcp     0    14         79.5577            100.062
           0        tcp     0    14         79.7806            55.1276
           0        tcp     0    14         79.9977            56.5962
           0        tcp     0    14         80.2128            57.1304
           0        tcp     0    14         80.4744            78.2689
           0        tcp     0    14         80.7146            85.2658
           0        tcp     0    14         80.9256            155.311
           0        tcp     0    14         81.1475            110.755
           0        tcp     0    14         81.3685            148.285
           0        tcp     0    14         81.5788            136.333
           0        tcp     0    14         81.7919            134.532
           0        tcp     0    14         82.0267            122.121
           0        tcp     0    14         82.2316            119.943
           0        tcp     0    14         82.4592            125.962
           0        tcp     0    14         82.6688            156.349
           0        tcp     0    14         82.8829            153.031
           0        tcp     0    14         83.1121            142.974
           0        tcp     0    14         83.3368            145.874
           0        tcp     0    14         83.5531            132.538
           0        tcp     0    14         83.7886            104.336
           0        tcp     0    14         84.0158            108.181
           0        tcp     0    14         84.2303            114.577
           0        tcp     0    14         84.4607             124.43
           0        tcp     0    14          84.673            173.663
           0        tcp     0    14         84.8831            116.977
           0        tcp     0    14         85.0848            162.425
           0        tcp     0    14         85.2941            137.023
           0        tcp     0    14          85.496            121.731
           0        tcp     0    14         85.7037            118.333
           0        tcp     0    14         85.9062             121.31
           0        tcp     0    14         86.1117            139.559
           0        tcp     0    14         86.3326            148.352
           0        tcp     0    14         86.5467             133.91
           0        tcp     0    14         86.7547            137.819
           0        tcp     0    14         86.9596            139.976
           0        tcp     0    14          87.168            137.582
           0        tcp     0    14         87.4021            104.973
           0        tcp     0    14         87.6139            96.6945
           0        tcp     0    14         87.8325            93.6715
           0        tcp     0    14         88.0345            101.396
           0        tcp     0    14         88.2403            139.292
           0        tcp     0    14         88.4711            141.979
           0        tcp     0    14         88.6785            138.274
           0        tcp     0    14         88.8851            138.773
           0        tcp     0    14         89.1147            142.707
           0        tcp     0    14         89.3236            156.903
           0        tcp     0    14         89.5255            142.008
           0        tcp     0    14         89.7685             117.99
           0        tcp     0    14         89.9713            121.132
           0        tcp     0    14         90.1908            130.649
           0        tcp     0    14          90.402            116.367
           0        tcp     0    14         90.6501            99.0492
           0        tcp     0    14         90.8668            94.5385
           0        tcp     0    14         91.0778            116.428
           0        tcp     0    14         91.3008             146.98
           0        tcp     0    14         91.5176            151.103
           0        tcp     0    14         91.7268            117.508
           0        tcp     0    14         91.9561            125.004
           0        tcp     0    14         92.1646            117.906
           0        tcp     0    14         92.4139             131.44
           0        tcp     0    14          92.656            118.438
           0        tcp     0    14         92.8565            142.956
           0        tcp     0    14         93.0595            141.297
           0        tcp     0    14         93.2788            149.375
           0        tcp     0    14         93.5008            129.183
           0        tcp     0    14         93.7187            112.747
           0        tcp     0    14         93.9478            125.169
           0        tcp     0    14         94.1646             113.36
           0        tcp     0    14         94.3881            128.316
           0        tcp     0    14         94.6109            147.024
           0        tcp     0    14         94.8427            141.405
           0        tcp     0    14         95.0553            154.068
           0        tcp     0    14         95.2721            132.272
           0        tcp     0    14         95.4934            111.084
           0        tcp     0    14         95.7342            119.036
           0        tcp     0    14         95.9542            130.362
           0        tcp     0    14         96.1695            133.133
           0        tcp     0    14         96.3759            119.099
           0        tcp     0    14         96.5947            131.014
           0        tcp     0    14         96.8115            113.355
           0        tcp     0    14         97.0644            113.365
           0        tcp     0    14         97.2804            151.741
           0        tcp     0    14         97.4996            149.501
           0        tcp     0    14         97.7188            149.485
           0        tcp     0    14         97.9498            141.859
           0        tcp     0    14         98.1746            145.723
           0        tcp     0    14         98.3874            134.762
           0        tcp     0    14          98.609            147.866
           0        tcp     0    14         98.8237            152.593
           0        tcp     0    14         99.0339            155.934
           0        tcp     0    14         99.2473            134.329
           0        tcp     0    14         99.4654            131.458
           0        tcp     0    14         99.6771            135.438
           0        tcp     0    14         99.9384              125.4
           0        tcp     0    14         100.139            102.221
           0        tcp     0    14         100.384            83.6817
           0        tcp     0    14         100.647            93.3017
           0        tcp     0    14         100.863            94.9052
           0        tcp     0    14         101.094            88.4405
           0        tcp     0    14         101.295             102.27
           0        tcp     0    14         101.517            128.994
           0        tcp     0    14          101.73            153.367
           0        tcp     0    14         101.933            141.593
           0        tcp     0    14         102.138            119.584
           0        tcp     0    14         102.361             110.46
           0        tcp     0    14         102.578            113.008
           0        tcp     0    14         102.798            112.183
           0        tcp     0    14         102.998            143.074
           0        tcp     0    14         103.204             139.02
           0        tcp     0    14         103.417             134.95
           0        tcp     0    14          103.63            134.345
           0        tcp     0    14         103.862            123.832
           0        tcp     0    14         104.086            109.582
           0        tcp     0    14         104.305             112.09
           0        tcp     0    14         104.513            118.478
           0        tcp     0    14         104.737            127.615
           0        tcp     0    14         104.942            99.9372
           0        tcp     0    14         105.143            102.049
           0        tcp     0    14         105.389            83.2385
           0        tcp     0    14         105.624            104.419
           0        tcp     0    14          105.85            145.059
           0        tcp     0    14          106.06            117.068
           0        tcp     0    14         106.316            112.179
           0        tcp     0    14          106.52            100.305
           0        tcp     0    14         106.749            89.2284
           0        tcp     0    14         106.962             96.106
           0        tcp     0    14         107.211            82.4058
           0        tcp     0    14         107.413             142.14
           0        tcp     0    14         107.623            156.103
           0        tcp     0    14         107.874            114.087
           0        tcp     0    14         108.126            130.085
           0        tcp     0    14         108.335            117.318
           0        tcp     0    14         108.583             115.83
           0        tcp     0    14         108.785            121.767
           0        tcp     0    14         108.985            122.498
           0        tcp     0    14         109.229            117.806
           0        tcp     0    14         109.461            140.854
           0        tcp     0    14         109.669            137.821
           0        tcp     0    14         109.876            118.782
           0        tcp     0    14         110.111            104.691
           0        tcp     0    14         110.332            111.104
           0        tcp     0    14         110.554             92.151
           0        tcp     0    14         110.759            120.331
           0        tcp     0    14         110.971              154.3
           0        tcp     0    14         111.174            161.121
           0        tcp     0    14          111.38            119.463
           0        tcp     0    14         111.585            140.156
           0        tcp     0    14         111.822            138.316
           0        tcp     0    14         112.035            172.767
           0        tcp     0    14         112.241            139.011
           0        tcp     0    14         112.483            135.603
           0        tcp     0    14         112.698            133.215
           0        tcp     0    14         112.935            121.017
           0        tcp     0    14         113.166            106.446
           0        tcp     0    14          113.37             120.36
           0        tcp     0    14          113.59            148.899
           0        tcp     0    14         113.809            149.894
           0        tcp     0    14         114.034             108.93
           0        tcp     0    14         114.266            88.4717
           0        tcp     0    14         114.485            93.6133
           0        tcp     0    14         114.727            67.6581
           0        tcp     0    14         114.935            98.6039
           0        tcp     0    14          115.16            127.382
           0        tcp     0    14         115.379            149.224
           0        tcp     0    14         115.592             134.58
           0        tcp     0    14         115.806            115.041
           0        tcp     0    14         116.036             124.46
           0        tcp     0    14         116.247            136.136
           0        tcp     0    14         116.454             118.54
           0        tcp     0    14         116.678            109.812
           0        tcp     0    14         116.896            93.8247
           0        tcp     0    14         117.123            90.2851
           0        tcp     0    14         117.331            98.2944
           0        tcp     0    14         117.546            153.016
           0        tcp     0    14         117.762            151.417
           0        tcp     0    14         117.967            159.759
           0        tcp     0    14         118.194            126.412
           0        tcp     0    14         118.405            135.648
           0        tcp     0    14         118.608            121.432
           0        tcp     0    14         118.812            160.372
           0        tcp     0    14         119.016            120.691
           0        tcp     0    14         119.239             109.81
           0        tcp     0    14         119.477            86.2362
           0        tcp     0    14         119.684            98.8522
           0        tcp     0    14         119.916            88.3537
           0        tcp     0    14         120.136             93.195
           0        tcp     0    14         120.358             92.128
           0        tcp     0    14         120.559            142.898
           0        tcp     0    14          120.79            124.007
           0        tcp     0    14         121.035            116.801
           0        tcp     0    14         121.262             144.47
           0        tcp     0    14         121.482            111.844
           0        tcp     0    14         121.701            112.234
           0        tcp     0    14         121.926            109.229
           0        tcp     0    14         122.134            137.887
           0        tcp     0    14         122.347            134.286
           0        tcp     0    14         122.565            131.385
           0        tcp     0    14         122.788            110.201
           0        tcp     0    14         122.993            120.188
           0        tcp     0    14         123.222            125.169
           0        tcp     0    14         123.423            122.551
           0        tcp     0    14         123.638            94.9735
           0        tcp     0    14         123.848            97.6571
           0        tcp     0    14         124.087             85.597
           0        tcp     0    14         124.321             122.75
           0        tcp     0    14         124.528            157.853
           0        tcp     0    14         124.741            154.209
           0        tcp     0    14         124.968            144.411
           0        tcp     0    14         125.203             104.27
           0        tcp     0    14         125.426            92.2205
           0        tcp     0    14         125.661            87.0949
           0        tcp     0    14         125.882            92.5613
           0        tcp     0    14         126.086            120.169
           0        tcp     0    14          126.34            113.209
           0        tcp     0    14         126.591            97.6412
           0        tcp     0    14         126.799            98.5389
           0        tcp     0    14         127.026            90.3181
           0        tcp     0    14         127.226            102.311
           0        tcp     0    14         127.447            130.112
           0        tcp     0    14         127.652            139.248
           0        tcp     0    14          127.91            127.186
           0        tcp     0    14          128.11            102.213
           0        tcp     0    14         128.327            94.4549
           0        tcp     0    14         128.553             72.465
           0        tcp     0    14         128.773            56.0259
           0        tcp     0    14         128.992             56.118
           0        tcp     0    14         129.205            115.011
           0        tcp     0    14         129.424            131.009
           0        tcp     0    14         129.628            120.552
           0        tcp     0    14         129.834            158.863
           0        tcp     0    14         130.057            147.109
           0        tcp     0    14         130.258            162.983
           0        tcp     0    14         130.494            138.926
           0        tcp     0    14         130.724            124.504
           0        tcp     0    14          130.97            116.532
           0        tcp     0    14         131.173            141.285
           0        tcp     0    14         131.375            121.998
           0        tcp     0    14         131.604            143.193
           0        tcp     0    14         131.817            134.047
           0        tcp     0    14         132.051            122.808
           0        tcp     0    14         132.265            153.268
           0        tcp     0    14         132.492            143.952
           0        tcp     0    14         132.696            160.565
           0        tcp     0    14         132.923            126.646
           0        tcp     0    14         133.142            130.562
           0        tcp     0    14         133.364            147.876
           0        tcp     0    14         133.583            130.974
           0        tcp     0    14         133.805            147.461
           0        tcp     0    14         134.018            134.546
           0        tcp     0    14         134.218            143.305
           0        tcp     0    14         134.422            140.527
           0        tcp     0    14         134.639            169.854
           0        tcp     0    14          134.85            136.161
           0        tcp     0    14         135.059            137.102
           0        tcp     0    14         135.272            134.498
           0        tcp     0    14         135.493            148.268
           0        tcp     0    14         135.734            119.074
           0        tcp     0    14         135.958            109.834
           0        tcp     0    14         136.158            143.066
           0        tcp     0    14         136.375            151.349
           0        tcp     0    14          136.62             133.58
           0        tcp     0    14         136.852            106.126
           0        tcp     0    14         137.074            92.0294
           0        tcp     0    14         137.283            98.0003
           0        tcp     0    14         137.485            121.814
           0        tcp     0    14         137.695            136.223
           0        tcp     0    14         137.925            142.947
           0        tcp     0    14         138.139            171.848
           0        tcp     0    14         138.362            128.739
           0        tcp     0    14         138.567            119.568
           0        tcp     0    14         138.768            102.104
           0        tcp     0    14          139.01            84.6219
           0        tcp     0    14         139.217            99.0886
           0        tcp     0    14          139.47            80.7228
           0        tcp     0    14           139.7            106.967
           0        tcp     0    14          139.92            93.1567
           0        tcp     0    14         140.127            98.7634
           0        tcp     0    14         140.332            139.902
           0        tcp     0    14         140.543             155.53
           0        tcp     0    14         140.769            145.091
           0        tcp     0    14         140.984            113.969
           0        tcp     0    14         141.202            93.9554
           0        tcp     0    14         141.418            94.8893
           0        tcp     0    14         141.623            139.762
           0        tcp     0    14         141.842            130.968
           0        tcp     0    14          142.05            118.494
           0        tcp     0    14         142.266            94.5663
           0        tcp     0    14          142.48            95.7746
           0        tcp     0    14         142.732            81.3066
           0        tcp     0    14         142.935            100.662
           0        tcp     0    14         143.156            129.737
           0        tcp     0    14         143.361            140.074
           0        tcp     0    14         143.589            143.822
           0        tcp     0    14         143.827             120.38
           0        tcp     0    14          144.05            110.106
           0        tcp     0    14         144.281             88.968
           0        tcp     0    14          144.49            98.0042
           0        tcp     0    14          144.72            124.646
           0        tcp     0    14         144.933            153.613
           0        tcp     0    14         145.152            130.741
           0        tcp     0    14         145.393            118.886
           0        tcp     0    14          145.63            121.138
           0        tcp     0    14         145.842            96.6334
           0        tcp     0    14         146.084            135.302
           0        tcp     0    14         146.305            148.546
           0        tcp     0    14         146.517             116.04
           0        tcp     0    14         146.745            107.673
           0        tcp     0    14          146.98            86.9282
           0        tcp     0    14         147.201            111.325
           0        tcp     0    14          147.42            131.046
           0        tcp     0    14         147.642            128.825
           0        tcp     0    14         147.873            124.302
           0        tcp     0    14         148.107             105.32
           0        tcp     0    14         148.317            116.657
           0        tcp     0    14         148.538             148.59
           0        tcp     0    14         148.758            130.425
           0        tcp     0    14         148.968            155.361
           0        tcp     0    14         149.194            126.966
           0        tcp     0    14         149.404            116.971
           0        tcp     0    14         149.647            84.5451
           0        tcp     0    14          149.86            96.1432
           0        tcp     0    14         150.083            91.7189
           0        tcp     0    14         150.321            85.9762
           0        tcp     0    14         150.537            132.523
           0        tcp     0    14         150.747            117.138
           0        tcp     0    14         150.966            149.587
           0        tcp     0    14         151.171            160.331
           0        tcp     0    14         151.401            142.512
           0        tcp     0    14         151.627            145.023
           0        tcp     0    14         151.834            138.549
           0        tcp     0    14         152.058            127.951
           0        tcp     0    14          152.28            147.504
           0        tcp     0    14         152.484            160.557
           0        tcp     0    14         152.709             145.57
           0        tcp     0    14         152.923            95.5612
           0        tcp     0    14         153.131            137.736
           0        tcp     0    14         153.349            94.2874
           0        tcp     0    14         153.552            120.619
           0        tcp     0    14         153.774            147.964
           0        tcp     0    14         153.993            168.274
           0        tcp     0    14         154.198            119.687
           0        tcp     0    14         154.402            120.621
           0        tcp     0    14         154.607            100.088
           0        tcp     0    14         154.825            112.755
           0        tcp     0    14         155.078            96.9964
           0        tcp     0    14         155.285             99.034
           0        tcp     0    14         155.498            96.1036
           0        tcp     0    14         155.729            141.528
           0        tcp     0    14         155.964            139.808
           0        tcp     0    14         156.179            152.374
           0        tcp     0    14         156.388            137.104
           0        tcp     0    14         156.612            127.978
           0        tcp     0    14         156.839            144.386
           0        tcp     0    14          157.04            122.238
           0        tcp     0    14         157.252            115.851
           0        tcp     0    14         157.474             147.44
           0        tcp     0    14         157.675            122.544
           0        tcp     0    14         157.926            81.4157
           0        tcp     0    14         158.152            127.235
           0        tcp     0    14         158.368            113.612
           0        tcp     0    14         158.597            89.3809
           0        tcp     0    14          158.83            123.048
           0        tcp     0    14         159.042            135.424
           0        tcp     0    14         159.288            116.409
           0        tcp     0    14         159.512            91.6662
           0        tcp     0    14          159.72            98.4399
           0        tcp     0    14         159.921            101.792
           0        tcp     0    14         160.125            140.551
           0        tcp     0    14         160.353            143.933
           0        tcp     0    14          160.56            157.762
           0        tcp     0    14         160.767            158.702
           0        tcp     0    14         160.996            125.212
           0        tcp     0    14         161.207            135.649
           0        tcp     0    14          161.42            134.872
           0        tcp     0    14         161.644            127.847
           0        tcp     0    14         161.874            106.912
           0        tcp     0    14         162.077            100.825
           0        tcp     0    14         162.296            111.979
           0        tcp     0    14         162.537            136.464
           0        tcp     0    14          162.74            120.793
           0        tcp     0    14         162.959            149.363
           0        tcp     0    14         163.176            132.389
           0        tcp     0    14         163.381            120.081
           0        tcp     0    14         163.611            124.585
           0        tcp     0    14         163.827            132.468
           0        tcp     0    14         164.036            117.579
           0        tcp     0    14         164.254            131.706
           0        tcp     0    14         164.473            149.634
           0        tcp     0    14         164.705            105.731
           0        tcp     0    14         164.915            136.647
           0        tcp     0    14         165.128            115.445
           0        tcp     0    14         165.371            118.175
           0        tcp     0    14         165.584            134.139
           0        tcp     0    14         165.808             146.62
           0        tcp     0    14         166.027            130.607
           0        tcp     0    14         166.253            127.304
           0        tcp     0    14         166.507            112.942
           0        tcp     0    14         166.714            118.705
           0        tcp     0    14         166.948            104.916
           0        tcp     0    14         167.167            93.2593
           0        tcp     0    14         167.371            100.433
           0        tcp     0    14         167.592            129.824
           0        tcp     0    14         167.795            120.976
           0        tcp     0    14         168.015            149.003
           0        tcp     0    14         168.233            150.289
           0        tcp     0    14         168.482            115.322
           0        tcp     0    14         168.698             132.44
           0        tcp     0    14         168.906            118.527
           0        tcp     0    14         169.126            130.104
           0        tcp     0    14         169.342            132.563
           0        tcp     0    14         169.584            118.522
           0        tcp     0    14         169.843            95.1528
           0        tcp     0    14         170.044            101.801
           0        tcp     0    14         170.275            88.6968
           0        tcp     0    14         170.475            102.004
           0        tcp     0    14         170.686            116.937
           0        tcp     0    14         170.934            115.406
           0        tcp     0    14         171.138            120.297
           0        tcp     0    14         171.346             157.92
           0        tcp     0    14         171.569            128.318
           0        tcp     0    14          171.79            148.706
           0        tcp     0    14         171.992            121.274
           0        tcp     0    14         172.203            155.522
           0        tcp     0    14         172.425            147.434
           0        tcp     0    14         172.635            136.571
           0        tcp     0    14          172.85            152.774
           0        tcp     0    14         173.051            122.168
           0        tcp     0    14         173.323            75.2963
           0        tcp     0    14         173.541            56.4584
           0        tcp     0    14         173.759            56.1539
           0        tcp     0    14         173.978            56.3006
           0        tcp     0    14         174.195            56.4221
           0        tcp     0    14         174.412            56.6693
           0        tcp     0    14          174.63            56.5519
           0        tcp     0    14         174.884            80.4384
           0        tcp     0    14          175.11            127.201
           0        tcp     0    14         175.346            121.071
           0        tcp     0    14         175.581            122.386
           0        tcp     0    14          175.81             124.79
           0        tcp     0    14         176.018            137.976
           0        tcp     0    14         176.246            107.764
           0        tcp     0    14         176.482            121.727
           0        tcp     0    14         176.687            120.009
           0        tcp     0    14           176.9             115.15
           0        tcp     0    14         177.108             98.472
           0        tcp     0    14          177.34            88.4385
           0        tcp     0    14          177.54            102.122
           0        tcp     0    14         177.777            86.3769
           0        tcp     0    14             178            91.7511
           0        tcp     0    14         178.233            105.831
           0        tcp     0    14         178.442            136.844
           0        tcp     0    14         178.646             140.36
           0        tcp     0    14         178.848            142.451
           0        tcp     0    14         179.051            141.259
           0        tcp     0    14         179.287            121.263
           0        tcp     0    14         179.489            121.987
           0        tcp     0    14         179.715            144.528
           0        tcp     0    14         179.922            138.843
           0        tcp     0    14         180.135            115.239
           0        tcp     0    14         180.354            93.4345
           0        tcp     0    14         180.569            114.285
           0        tcp     0    14         180.794            127.406
           0        tcp     0    14          181.01            132.761
           0        tcp     0    14         181.236            145.226
           0        tcp     0    14         181.439            141.314
           0        tcp     0    14         181.655            151.616
           0        tcp     0    14         181.877            129.407
           0        tcp     0    14         182.123            116.366
           0        tcp     0    14         182.331            118.048
           0        tcp     0    14         182.555            146.686
           0        tcp     0    14          182.79            121.703
           0        tcp     0    14         183.009            93.7368
           0        tcp     0    14         183.227            56.2061
           0        tcp     0    14         183.441            57.3919
           0        tcp     0    14         183.659             56.391
           0        tcp     0    14         183.873            57.4267
           0        tcp     0    14         184.094            55.6706
           0        tcp     0    14          184.31            56.8003
           0        tcp     0    14         184.527            56.5832
           0        tcp     0    14         184.741            95.8733
           0        tcp     0    14         184.946            139.641
           0        tcp     0    14         185.174            144.056
           0        tcp     0    14         185.389            133.357
           0        tcp     0    14         185.592            141.198
           0        tcp     0    14         185.804            135.008
           0        tcp     0    14         186.026            129.103
           0        tcp     0    14         186.275             115.14
           0        tcp     0    14         186.489             95.972
           0        tcp     0    14           186.7            96.7361
           0        tcp     0    14         186.916            152.289
           0        tcp     0    14          187.13            114.784
           0        tcp     0    14         187.385            80.2797
           0        tcp     0    14         187.605            55.9265
           0        tcp     0    14          187.82            57.0217
           0        tcp     0    14         188.035            57.2155
           0        tcp     0    14         188.256            111.025
           0        tcp     0    14         188.481            127.484
           0        tcp     0    14         188.708            108.212
           0        tcp     0    14         188.931            92.0698
           0        tcp     0    14         189.133            101.122
           0        tcp     0    14         189.345            96.6234
           0        tcp     0    14         189.558            134.971
           0        tcp     0    14         189.776            131.036
           0        tcp     0    14         189.987            136.439
           0        tcp     0    14         190.219            140.925
           0        tcp     0    14          190.42            142.433
           0        tcp     0    14         190.634              134.5
           0        tcp     0    14         190.861            126.271
           0        tcp     0    14         191.071            116.641
           0        tcp     0    14         191.296            109.584
           0        tcp     0    14         191.503            118.378
           0        tcp     0    14         191.706            161.266
           0        tcp     0    14         191.911            140.425
           0        tcp     0    14         192.132            148.054
           0        tcp     0    14         192.358            108.487
           0        tcp     0    14         192.559             101.87
           0        tcp     0    14         192.766            99.3684
           0        tcp     0    14         193.003            86.2886
           0        tcp     0    14         193.265            93.7901
           0        tcp     0    14         193.509            134.239
           0        tcp     0    14          193.75            119.126
           0        tcp     0    14         193.964            114.762
           0        tcp     0    14         194.227            93.4277
           0        tcp     0    14         194.427            102.322
           0        tcp     0    14         194.645            112.743
           0        tcp     0    14         194.868            146.807
           0        tcp     0    14          195.09            147.579
           0        tcp     0    14         195.298            138.369
           0        tcp     0    14         195.508            116.596
           0        tcp     0    14          195.71            122.057
           0        tcp     0    14         195.914            120.218
           0        tcp     0    14         196.136             92.366
           0        tcp     0    14         196.347            96.9498
           0        tcp     0    14         196.569            92.2305
           0        tcp     0    14         196.793            128.142
           0        tcp     0    14         197.019            145.121
           0        tcp     0    14         197.238            130.787
           0        tcp     0    14         197.447            137.226
           0        tcp     0    14         197.697            114.603
           0        tcp     0    14         197.927            106.768
           0        tcp     0    14         198.155            89.7812
           0        tcp     0    14         198.367            96.5544
           0        tcp     0    14         198.607            136.632
           0        tcp     0    14         198.845            137.788
           0        tcp     0    14         199.048            121.205
           0        tcp     0    14         199.278            106.663
           0        tcp     0    14         199.538            94.7193
           0        tcp     0    14         199.748            116.812
           0        tcp     0    14         199.972            109.875
           0        tcp     0    14         200.191            149.466
           0        tcp     0    14         200.426            122.136
           0        tcp     0    14         200.664            120.488
           0        tcp     0    14         200.888            109.793
           0        tcp     0    14         201.092            140.528
           0        tcp     0    14           201.3            137.769
           0        tcp     0    14         201.517            131.945
           0        tcp     0    14         201.721            140.856
           0        tcp     0    14         201.933            154.416
           0        tcp     0    14         202.167            139.664
           0        tcp     0    14         202.373            139.355
           0        tcp     0    14         202.575            121.852
           0        tcp     0    14         202.779            120.587
           0        tcp     0    14         202.998            130.564
           0        tcp     0    14         203.209            136.265
           0        tcp     0    14         203.409            142.796
           0        tcp     0    14         203.625            113.925
           0        tcp     0    14         203.867            67.7132
           0        tcp     0    14         204.087            55.7894
           0        tcp     0    14         204.308            55.7716
           0        tcp     0    14         204.529            55.6277
           0        tcp     0    14         204.746            56.5623
           0        tcp     0    14         204.965             56.095
           0        tcp     0    14         205.235             91.138
           0        tcp     0    14         205.436            142.017
           0        tcp     0    14         205.638            122.072
           0        tcp     0    14         205.861            91.5681
           0        tcp     0    14         206.083            92.5043
           0        tcp     0    14         206.321            85.9381
           0        tcp     0    14         206.522            102.121
           0        tcp     0    14          206.74            112.673
           0        tcp     0    14         206.975            121.979
           0        tcp     0    14         207.178            121.166
           0        tcp     0    14         207.398            130.185
           0        tcp     0    14         207.637            137.129
           0        tcp     0    14         207.862            127.326
           0        tcp     0    14          208.07            157.729
           0        tcp     0    14         208.302             123.58
           0        tcp     0    14         208.514            134.879
           0        tcp     0    14         208.728            134.071
           0        tcp     0    14         208.945            113.432
           0        tcp     0    14         209.147            141.641
           0        tcp     0    14         209.373            145.404
           0        tcp     0    14          209.59            150.504
           0        tcp     0    14         209.824            122.572
           0        tcp     0    14         210.031            99.0718
           0        tcp     0    14         210.248            56.6981
           0        tcp     0    14         210.468            55.7691
           0        tcp     0    14         210.685            56.5884
           0        tcp     0    14         210.923            68.8123
           0        tcp     0    14         211.141            56.3859
           0        tcp     0    14         211.369            71.8171
           0        tcp     0    14         211.607            120.748
           0        tcp     0    14          211.83            146.673
           0        tcp     0    14         212.041            135.959
           0        tcp     0    14          212.25            117.543
           0        tcp     0    14         212.456            139.667
           0        tcp     0    14         212.685            143.032
           0        tcp     0    14         212.905            167.632
           0        tcp     0    14         213.139            104.709
           0        tcp     0    14         213.362              128.5
           0        tcp     0    14         213.565            121.371
           0        tcp     0    14         213.807            101.601
           0        tcp     0    14         214.011            100.378
           0        tcp     0    14         214.228            113.211
           0        tcp     0    14         214.447            149.251
           0        tcp     0    14         214.662            133.449
           0        tcp     0    14         214.879            113.535
           0        tcp     0    14         215.151            90.1255
           0        tcp     0    14         215.354            101.235
           0        tcp     0    14         215.571            94.3837
           0        tcp     0    14           215.8            89.4244
           0        tcp     0    14         216.012            134.856
           0        tcp     0    14         216.215            161.539
           0        tcp     0    14         216.422              158.8
           0        tcp     0    14         216.636            133.774
           0        tcp     0    14         216.844            117.973
           0        tcp     0    14         217.047            121.088
           0        tcp     0    14         217.267            149.105
           0        tcp     0    14          217.49            146.995
           0        tcp     0    14         217.697            98.9882
           0        tcp     0    14           217.9            100.497
           0        tcp     0    14         218.127            108.402
           0        tcp     0    14         218.336             117.96
           0        tcp     0    14         218.545            117.285
           0        tcp     0    14         218.748            161.473
           0        tcp     0    14         218.953            140.068
           0        tcp     0    14         219.167            153.161
           0        tcp     0    14          219.38            134.216
           0        tcp     0    14         219.594            114.974
           0        tcp     0    14         219.797            101.139
           0        tcp     0    14             220            100.513
           0        tcp     0    14         220.241             85.078
           0        tcp     0    14         220.495            96.6385
           0        tcp     0    14         220.701            99.6442
           0        tcp     0    14         220.916              114.1
           0        tcp     0    14         221.146            125.003
           0        tcp     0    14         221.378            105.757
           0        tcp     0    14         221.619            67.8578
           0        tcp     0    14         221.839            56.0515
           0        tcp     0    14         222.061            55.3272
           0        tcp     0    14         222.278            56.4428
           0        tcp     0    14         222.493            57.1649
           0        tcp     0    14         222.713             55.987
           0        tcp     0    14         222.929             113.82
           0        tcp     0    14         223.155            108.824
           0        tcp     0    14         223.377            128.723
           0        tcp     0    14         223.603            145.506
           0        tcp     0    14         223.818            132.906
           0        tcp     0    14         224.031            134.886
           0        tcp     0    14         224.233            141.957
           0        tcp     0    14          224.44            158.546
           0        tcp     0    14         224.647            138.301
           0        tcp     0    14         224.878            106.292
           0        tcp     0    14         225.108            71.2785
           0        tcp     0    14         225.326            56.2851
           0        tcp     0    14         225.547            55.7009
           0        tcp     0    14         225.766            56.1104
           0        tcp     0    14         225.985            56.1027
           0        tcp     0    14         226.204             56.136
           0        tcp     0    14         226.419            57.0773
           0        tcp     0    14         226.638            56.1616
           0        tcp     0    14         226.857            56.1386
           0        tcp     0    14         227.074            56.6745
           0        tcp     0    14         227.318            117.412
           0        tcp     0    14         227.553             139.36
           0        tcp     0    14          227.77            94.3695
           0        tcp     0    14         227.983             96.021
           0        tcp     0    14         228.215            88.3603
           0        tcp     0    14         228.422            98.7815
           0        tcp     0    14         228.655            88.1318
           0        tcp     0    14         228.864            137.055
           0        tcp     0    14         229.075            155.329
           0        tcp     0    14         229.282             118.92
           0        tcp     0    14         229.487            139.245
           0        tcp     0    14         229.709             147.95
           0        tcp     0    14         229.953            151.272
           0        tcp     0    14         230.153            143.143
           0        tcp     0    14         230.354             142.47
           0        tcp     0    14          230.56            139.422
           0        tcp     0    14         230.763            161.293
           0        tcp     0    14         230.994            142.105
           0        tcp     0    14         231.221            143.827
           0        tcp     0    14         231.425            140.678
           0        tcp     0    14         231.658            123.396
           0        tcp     0    14         231.876            131.042
           0        tcp     0    14          232.09            133.981
           0        tcp     0    14          232.31            149.187
           0        tcp     0    14          232.52            136.657
           0        tcp     0    14         232.736             151.69
           0        tcp     0    14         232.947             154.88
           0        tcp     0    14          233.15            141.787
           0        tcp     0    14         233.377            126.051
           0        tcp     0    14         233.588            116.624
           0        tcp     0    14         233.808             92.879
           0        tcp     0    14         234.021            115.762
           0        tcp     0    14         234.259            120.515
           0        tcp     0    14          234.46            142.202
           0        tcp     0    14         234.666            139.278
           0        tcp     0    14         234.888            147.753
           0        tcp     0    14         235.122            139.846
           0        tcp     0    14         235.344            129.348
           0        tcp     0    14         235.546            121.594
           0        tcp     0    14         235.756            97.3662
           0        tcp     0    14          235.98            91.4644
           0        tcp     0    14         236.192            96.6272
           0        tcp     0    14         236.409            113.199
           0        tcp     0    14         236.621             96.868
           0        tcp     0    14         236.826            139.517
           0        tcp     0    14          237.04            133.858
           0        tcp     0    14         237.267            144.674
           0        tcp     0    14         237.486            149.731
           0        tcp     0    14         237.687            163.095
           0        tcp     0    14         237.903            151.721
           0        tcp     0    14         238.128            109.081
           0        tcp     0    14         238.329            102.053
           0        tcp     0    14         238.561            88.1038
           0        tcp     0    14         238.765            100.419
           0        tcp     0    14         239.003            103.085
           0        tcp     0    14         239.226            147.343
           0        tcp     0    14         239.447            148.189
           0        tcp     0    14         239.653            139.274
           0        tcp     0    14         239.871            150.139
           0        tcp     0    14         240.071            122.698
           0        tcp     0    14         240.279            98.5664
           0        tcp     0    14         240.494            152.653
           0        tcp     0    14         240.704            97.4221
           0        tcp     0    14         240.914            136.685
           0        tcp     0    14         241.146            123.656
           0        tcp     0    14         241.381            121.588
           0        tcp     0    14         241.594            96.2938
           0        tcp     0    14         241.834            136.416
           0        tcp     0    14         242.085            130.784
           0        tcp     0    14         242.287            141.586
           0        tcp     0    14         242.494            138.893
           0        tcp     0    14         242.733            137.178
           0        tcp     0    14         242.956            164.981
           0        tcp     0    14         243.183            126.325
           0        tcp     0    14         243.435            97.4569
           0        tcp     0    14         243.658            55.1187
           0        tcp     0    14         243.874            56.7924
           0        tcp     0    14         244.093            56.1257
           0        tcp     0    14         244.316            55.2998
           0        tcp     0    14         244.533            56.4817
           0        tcp     0    14          244.75            56.5884
           0        tcp     0    14         244.994            84.0483
           0        tcp     0    14         245.211            132.264
           0        tcp     0    14          245.42            156.631
           0        tcp     0    14         245.621            142.437
           0        tcp     0    14         245.831            136.722
           0        tcp     0    14         246.044            134.869
           0        tcp     0    14         246.264            129.898
           0        tcp     0    14         246.486            110.918
           0        tcp     0    14         246.706            130.109
           0        tcp     0    14         246.921            152.383
           0        tcp     0    14         247.135            153.117
           0        tcp     0    14         247.356            166.665
           0        tcp     0    14          247.57            134.016
           0        tcp     0    14         247.799             107.66
           0        tcp     0    14         248.037            85.8024
           0        tcp     0    14         248.248            97.2197
           0        tcp     0    14         248.457            98.0097
           0        tcp     0    14         248.673            132.685
           0        tcp     0    14         248.883            136.725
           0        tcp     0    14         249.125             135.08
           0        tcp     0    14         249.326            143.192
           0        tcp     0    14         249.531            119.446
           0        tcp     0    14         249.736            140.151
           0        tcp     0    14         249.948            115.988
           0        tcp     0    14         250.173            145.274
           0        tcp     0    14         250.413            85.4619
           0        tcp     0    14         250.617            100.295
           0        tcp     0    14         250.834            56.7553
           0        tcp     0    14         251.051            56.6327
           0        tcp     0    14         251.271            55.8528
           0        tcp     0    14         251.488            56.6223
           0        tcp     0    14         251.704            56.8923
           0        tcp     0    14         251.945            84.9734
           0        tcp     0    14         252.157            135.209
           0        tcp     0    14         252.363             138.99
           0        tcp     0    14         252.578            133.164
           0        tcp     0    14         252.816             120.55
           0        tcp     0    14          253.04            146.509
           0        tcp     0    14         253.255            133.229
           0        tcp     0    14         253.475            130.581
           0        tcp     0    14         253.677            121.532
           0        tcp     0    14         253.887            136.197
           0        tcp     0    14         254.132            117.222
           0        tcp     0    14         254.374            118.272
           0        tcp     0    14         254.576            122.017
           0        tcp     0    14         254.777             142.66
           0        tcp     0    14          254.99            134.626
           0        tcp     0    14         255.193            141.013
           0        tcp     0    14         255.405             135.04
           0        tcp     0    14         255.623            150.365
           0        tcp     0    14         255.859            121.739
           0        tcp     0    14         256.085            127.081
           0        tcp     0    14         256.288             100.89
           0        tcp     0    14         256.513            90.9225
           0        tcp     0    14         256.723             97.427
           0        tcp     0    14         256.995            75.2997
           0        tcp     0    14         257.232            120.826
           0        tcp     0    14         257.436            160.497
           0        tcp     0    14         257.664            143.991
           0        tcp     0    14         257.876            135.192
           0        tcp     0    14          258.09            134.299
           0        tcp     0    14           258.3            136.084
           0        tcp     0    14         258.512            135.521
           0        tcp     0    14         258.762            131.243
           0        tcp     0    14         258.974            115.527
           0        tcp     0    14         259.176            122.066
           0        tcp     0    14         259.382            98.9828
           0        tcp     0    14         259.588            139.396
           0        tcp     0    14          259.81            147.417
           0        tcp     0    14         260.026            132.819
           0        tcp     0    14         260.231            140.035
           0        tcp     0    14         260.441            97.3361
           0        tcp     0    14         260.664            92.0546
           0        tcp     0    14         260.887            91.7003
           0        tcp     0    14         261.119            88.2968
           0        tcp     0    14         261.376            95.8015
           0        tcp     0    14         261.586            136.513
           0        tcp     0    14         261.797            155.399
           0        tcp     0    14         262.025            125.362
           0        tcp     0    14          262.24            152.414
           0        tcp     0    14         262.449            117.963
           0        tcp     0    14         262.665            113.585
           0        tcp     0    14         262.896            124.409
           0        tcp     0    14         263.117            111.113
           0        tcp     0    14         263.333             94.905
           0        tcp     0    14         263.566            105.205
           0        tcp     0    14         263.789            128.637
           0        tcp     0    14         264.041            130.215
           0        tcp     0    14         264.251            136.236
           0        tcp     0    14         264.453            121.628
           0        tcp     0    14         264.667            95.7325
           0        tcp     0    14         264.901            87.3929
           0        tcp     0    14         265.149            132.308
           0        tcp     0    14          265.35            162.944
           0        tcp     0    14         265.562            135.174
           0        tcp     0    14         265.775            154.088
           0        tcp     0    14         265.979            140.715
           0        tcp     0    14         266.193             133.84
           0        tcp     0    14         266.405              154.5
           0        tcp     0    14         266.623            131.761
           0        tcp     0    14         266.849            126.453
           0        tcp     0    14         267.087            86.2654
           0        tcp     0    14         267.289            101.439
           0        tcp     0    14         267.515            90.3058
           0        tcp     0    14         267.772            95.9303
           0        tcp     0    14         267.981            136.816
           0        tcp     0    14         268.222            119.138
           0        tcp     0    14          268.43            98.2614
           0        tcp     0    14         268.635            100.146
           0        tcp     0    14         268.872            86.4051
           0        tcp     0    14         269.082            117.073
           0        tcp     0    14         269.315            140.725
           0        tcp     0    14         269.522            118.327
           0        tcp     0    14         269.731            117.682
           0        tcp     0    14         269.937            119.616
           0        tcp     0    14         270.146            136.639
           0        tcp     0    14         270.376            124.668
           0        tcp     0    14         270.586            156.022
           0        tcp     0    14         270.789            121.533
           0        tcp     0    14         271.004            114.268
           0        tcp     0    14         271.234            106.946
           0        tcp     0    14         271.447            115.026
           0        tcp     0    14         271.653            99.4836
           0        tcp     0    14         271.866            154.207
           0        tcp     0    14         272.096            141.993
           0        tcp     0    14         272.299            141.311
           0        tcp     0    14         272.518            112.412
           0        tcp     0    14         272.729            116.153
           0        tcp     0    14         272.931            121.661
           0        tcp     0    14         273.145            134.268
           0        tcp     0    14         273.374            125.238
           0        tcp     0    14         273.607            105.268
           0        tcp     0    14         273.812            100.024
           0        tcp     0    14         274.064            129.989
           0        tcp     0    14         274.273            137.315
           0        tcp     0    14         274.482            137.376
           0        tcp     0    14         274.701            130.835
           0        tcp     0    14         274.906            119.575
           0        tcp     0    14         275.137            124.463
           0        tcp     0    14         275.365            125.659
           0        tcp     0    14         275.586            129.937
           0        tcp     0    14          275.82            122.493
           0        tcp     0    14         276.036             132.59
           0        tcp     0    14         276.257            129.458
           0        tcp     0    14         276.463            119.543
           0        tcp     0    14         276.704            118.892
           0        tcp     0    14         276.907            141.622
           0        tcp     0    14         277.112            119.885
           0        tcp     0    14          277.34            107.692
           0        tcp     0    14          277.57            142.294
           0        tcp     0    14         277.789            149.928
           0        tcp     0    14         277.989            143.031
           0        tcp     0    14         278.228            137.205
           0        tcp     0    14         278.431            141.421
           0        tcp     0    14         278.654            109.878
           0        tcp     0    14         278.871            113.628
           0        tcp     0    14         279.083            134.834
           0        tcp     0    14         279.297            114.882
           0        tcp     0    14         279.537            102.596
           0        tcp     0    14         279.746            98.0043
           0        tcp     0    14         279.982            86.5483
           0        tcp     0    14         280.218            121.601
           0        tcp     0    14         280.476            127.048
           0        tcp     0    14         280.689            153.986
           0        tcp     0    14         280.896            118.553
           0        tcp     0    14         281.102            119.623
           0        tcp     0    14         281.337             86.945
           0        tcp     0    14         281.538            102.054
           0        tcp     0    14         281.762            91.5249
           0        tcp     0    14         282.023            94.0737
           0        tcp     0    14         282.236            115.545
           0        tcp     0    14          282.44            160.254
           0        tcp     0    14         282.659            130.695
           0        tcp     0    14         282.876            151.366
           0        tcp     0    14         283.088            115.632
           0        tcp     0    14         283.336            82.8272
           0        tcp     0    14         283.545            97.6694
           0        tcp     0    14         283.767            92.2618
           0        tcp     0    14         283.986            93.7517
           0        tcp     0    14         284.203            94.4526
           0        tcp     0    14         284.415            96.4002
           0        tcp     0    14         284.616            101.816
           0        tcp     0    14         284.823            118.678
           0        tcp     0    14         285.039            151.788
           0        tcp     0    14         285.254            152.558
           0        tcp     0    14         285.472             131.57
           0        tcp     0    14         285.701            125.391
           0        tcp     0    14          285.91            117.588
           0        tcp     0    14         286.131            110.844
           0        tcp     0    14         286.337             119.52
           0        tcp     0    14         286.544            118.535
           0        tcp     0    14         286.805            125.426
           0        tcp     0    14         287.025            149.148
           0        tcp     0    14         287.247            166.509
           0        tcp     0    14         287.453            138.816
           0        tcp     0    14         287.676            128.386
           0        tcp     0    14         287.877            122.778
           0        tcp     0    14         288.079            121.192
           0        tcp     0    14         288.317            86.0415
           0        tcp     0    14         288.562            66.9503
           0        tcp     0    14          288.78            112.892
           0        tcp     0    14         289.019            119.963
           0        tcp     0    14         289.234            133.148
           0        tcp     0    14         289.446             115.87
           0        tcp     0    14         289.661            133.787
           0        tcp     0    14         289.908            99.4078
           0        tcp     0    14         290.165            95.5706
           0        tcp     0    14          290.37             99.686
           0        tcp     0    14         290.605            87.2426
           0        tcp     0    14         290.814            117.744
           0        tcp     0    14         291.037            146.745
           0        tcp     0    14         291.244            138.922
           0        tcp     0    14         291.462            131.261
           0        tcp     0    14         291.669            118.515
           0        tcp     0    14         291.894            127.362
           0        tcp     0    14         292.097            121.332
           0        tcp     0    14         292.318            129.907
           0        tcp     0    14         292.545            90.2011
           0        tcp     0    14         292.751             99.408
           0        tcp     0    14         292.994            84.1621
           0        tcp     0    14         293.201            138.524
           0        tcp     0    14          293.41            156.716
           0        tcp     0    14         293.627            150.927
           0        tcp     0    14         293.828            122.278
           0        tcp     0    14         294.036            118.487
           0        tcp     0    14         294.241            99.7803
           0        tcp     0    14          294.47            89.5381
           0        tcp     0    14         294.709             102.74
           0        tcp     0    14         294.971            78.0215
           0        tcp     0    14         295.187            56.9345
           0        tcp     0    14         295.403            57.0561
           0        tcp     0    14         295.646             67.277
           0        tcp     0    14         295.857            116.353
           0        tcp     0    14          296.07            134.805
           0        tcp     0    14         296.278            137.651
           0        tcp     0    14         296.481            141.562
           0        tcp     0    14         296.701             148.57
           0        tcp     0    14         296.917            152.326
           0        tcp     0    14          297.13            134.461
           0        tcp     0    14         297.389            94.6484
           0        tcp     0    14         297.605            56.9873
           0        tcp     0    14         297.823            56.4091
           0        tcp     0    14         298.043            55.9316
           0        tcp     0    14         298.261            56.1334
           0        tcp     0    14         298.481            55.9265
           0        tcp     0    14         298.697            56.9029
           0        tcp     0    14         298.917            55.8756
           0        tcp     0    14         299.135            56.5155
           0        tcp     0    14         299.369            87.4543
           0        tcp     0    14         299.573            120.144
           0        tcp     0    14         299.783            156.214
           0        tcp     0    14         299.984            142.646


