2016年 06月 05日 星期日 16:57:12 CST
--- Simulation sequence:2 ---
#node_id rate rate_without_head
       0 -0 -0
       1 -0 -0
       2 -0 -0
       3 -0 -0


--- Simulation sequence:3 ---
#node_id rate rate_without_head
       0 -0 -0
       1 -0 -0
       2 -0 -0
       3 -0 -0
       4 -0 -0
       5 -0 -0


--- Simulation sequence:4 ---
#node_id rate rate_without_head
       0 -0 -0
       1 -0 -0
       2 -0 -0
       3 -0 -0
       4 -0 -0
       5 -0 -0
       6 -0 -0
       7 -0 -0


--- Simulation sequence:5 ---
#node_id rate rate_without_head
       0 -0 -0
       1 -0 -0
       2 -0 -0
       3 -0 -0
       4 -0 -0
       5 -0 -0
       6 -0 -0
       7 -0 -0
       8 -0 -0
       9 -0 -0


--- Simulation sequence:6 ---
#node_id rate rate_without_head
       0 -0 -0
       1 -0 -0
       2 -0 -0
       3 -0 -0
       4 -0 -0
       5 -0 -0
       6 -0 -0
       7 -0 -0
       8 -0 -0
       9 -0 -0
      10 -0 -0
      11 -0 -0


--- Simulation sequence:7 ---
#node_id rate rate_without_head
       0 -0 -0
       1 -0 -0
       2 -0 -0
       3 -0 -0
       4 -0 -0
       5 -0 -0
       6 -0 -0
       7 -0 -0
       8 -0 -0
       9 -0 -0
      10 -0 -0
      11 -0 -0
      12 -0 -0
      13 -0 -0


--- Simulation sequence:8 ---
#node_id rate rate_without_head
       0 -0 -0
       1 -0 -0
       2 -0 -0
       3 -0 -0
       4 -0 -0
       5 -0 -0
       6 -0 -0
       7 -0 -0
       8 -0 -0
       9 -0 -0
      10 -0 -0
      11 -0 -0
      12 -0 -0
      13 -0 -0
      14 -0 -0
      15 -0 -0


--- Simulation sequence:9 ---
#node_id rate rate_without_head
       0 -0 -0
       1 -0 -0
       2 -0 -0
       3 -0 -0
       4 -0 -0
       5 -0 -0
       6 -0 -0
       7 -0 -0
       8 -0 -0
       9 -0 -0
      10 -0 -0
      11 -0 -0
      12 -0 -0
      13 -0 -0
      14 -0 -0
      15 -0 -0
      16 -0 -0
      17 -0 -0


--- Simulation sequence:10 ---
#node_id rate rate_without_head
       0 -0 -0
       1 -0 -0
       2 -0 -0
       3 -0 -0
       4 -0 -0
       5 -0 -0
       6 -0 -0
       7 -0 -0
       8 -0 -0
       9 -0 -0
      10 -0 -0
      11 -0 -0
      12 -0 -0
      13 -0 -0
      14 -0 -0
      15 -0 -0
      16 -0 -0
      17 -0 -0
      18 -0 -0
      19 -0 -0


--- Simulation sequence:11 ---
#node_id rate rate_without_head
       0 -0 -0
       1 -0 -0
       2 -0 -0
       3 -0 -0
       4 -0 -0
       5 -0 -0
       6 -0 -0
       7 -0 -0
       8 -0 -0
       9 -0 -0
      10 -0 -0
      11 -0 -0
      12 -0 -0
      13 -0 -0
      14 -0 -0
      15 -0 -0
      16 -0 -0
      17 -0 -0
      18 -0 -0
      19 -0 -0
      20 -0 -0
      21 -0 -0


--- Simulation sequence:12 ---
#node_id rate rate_without_head
       0 -0 -0
       1 -0 -0
       2 -0 -0
       3 -0 -0
       4 -0 -0
       5 -0 -0
       6 -0 -0
       7 -0 -0
       8 -0 -0
       9 -0 -0
      10 -0 -0
      11 -0 -0
      12 -0 -0
      13 -0 -0
      14 -0 -0
      15 -0 -0
      16 -0 -0
      17 -0 -0
      18 -0 -0
      19 -0 -0
      20 -0 -0
      21 -0 -0
      22 -0 -0
      23 -0 -0


--- Simulation sequence:13 ---
#node_id rate rate_without_head
       0 -0 -0
       1 -0 -0
       2 -0 -0
       3 -0 -0
       4 -0 -0
       5 -0 -0
       6 -0 -0
       7 -0 -0
       8 -0 -0
       9 -0 -0
      10 -0 -0
      11 -0 -0
      12 -0 -0
      13 -0 -0
      14 -0 -0
      15 -0 -0
      16 -0 -0
      17 -0 -0
      18 -0 -0
      19 -0 -0
      20 -0 -0
      21 -0 -0
      22 -0 -0
      23 -0 -0
      24 -0 -0
      25 -0 -0


--- Simulation sequence:14 ---
#node_id rate rate_without_head
       0 -0 -0
       1 -0 -0
       2 -0 -0
       3 -0 -0
       4 -0 -0
       5 -0 -0
       6 -0 -0
       7 -0 -0
       8 -0 -0
       9 -0 -0
      10 -0 -0
      11 -0 -0
      12 -0 -0
      13 -0 -0
      14 -0 -0
      15 -0 -0
      16 -0 -0
      17 -0 -0
      18 -0 -0
      19 -0 -0
      20 -0 -0
      21 -0 -0
      22 -0 -0
      23 -0 -0
      24 -0 -0
      25 -0 -0
      26 -0 -0
      27 -0 -0


--- Simulation sequence:15 ---
#node_id rate rate_without_head
       0 -0 -0
       1 -0 -0
       2 -0 -0
       3 -0 -0
       4 -0 -0
       5 -0 -0
       6 -0 -0
       7 -0 -0
       8 -0 -0
       9 -0 -0
      10 -0 -0
      11 -0 -0
      12 -0 -0
      13 -0 -0
      14 -0 -0
      15 -0 -0
      16 -0 -0
      17 -0 -0
      18 -0 -0
      19 -0 -0
      20 -0 -0
      21 -0 -0
      22 -0 -0
      23 -0 -0
      24 -0 -0
      25 -0 -0
      26 -0 -0
      27 -0 -0
      28 -0 -0
      29 -0 -0


--- Simulation sequence:16 ---
#node_id rate rate_without_head
       0 -0 -0
       1 -0 -0
       2 -0 -0
       3 -0 -0
       4 -0 -0
       5 -0 -0
       6 -0 -0
       7 -0 -0
       8 -0 -0
       9 -0 -0
      10 -0 -0
      11 -0 -0
      12 -0 -0
      13 -0 -0
      14 -0 -0
      15 -0 -0
      16 -0 -0
      17 -0 -0
      18 -0 -0
      19 -0 -0
      20 -0 -0
      21 -0 -0
      22 -0 -0
      23 -0 -0
      24 -0 -0
      25 -0 -0
      26 -0 -0
      27 -0 -0
      28 -0 -0
      29 -0 -0
      30 -0 -0
      31 -0 -0


--- Simulation sequence:17 ---
#node_id rate rate_without_head
       0 -0 -0
       1 -0 -0
       2 -0 -0
       3 -0 -0
       4 -0 -0
       5 -0 -0
       6 -0 -0
       7 -0 -0
       8 -0 -0
       9 -0 -0
      10 -0 -0
      11 -0 -0
      12 -0 -0
      13 -0 -0
      14 -0 -0
      15 -0 -0
      16 -0 -0
      17 -0 -0
      18 -0 -0
      19 -0 -0
      20 -0 -0
      21 -0 -0
      22 -0 -0
      23 -0 -0
      24 -0 -0
      25 -0 -0
      26 -0 -0
      27 -0 -0
      28 -0 -0
      29 -0 -0
      30 -0 -0
      31 -0 -0
      32 -0 -0
      33 -0 -0


--- Simulation sequence:18 ---
#node_id rate rate_without_head
       0 -0 -0
       1 -0 -0
       2 -0 -0
       3 -0 -0
       4 -0 -0
       5 -0 -0
       6 -0 -0
       7 -0 -0
       8 -0 -0
       9 -0 -0
      10 -0 -0
      11 -0 -0
      12 -0 -0
      13 -0 -0
      14 -0 -0
      15 -0 -0
      16 -0 -0
      17 -0 -0
      18 -0 -0
      19 -0 -0
      20 -0 -0
      21 -0 -0
      22 -0 -0
      23 -0 -0
      24 -0 -0
      25 -0 -0
      26 -0 -0
      27 -0 -0
      28 -0 -0
      29 -0 -0
      30 -0 -0
      31 -0 -0
      32 -0 -0
      33 -0 -0
      34 -0 -0
      35 -0 -0


--- Simulation sequence:19 ---
#node_id rate rate_without_head
       0 -0 -0
       1 -0 -0
       2 -0 -0
       3 -0 -0
       4 -0 -0
       5 -0 -0
       6 -0 -0
       7 -0 -0
       8 -0 -0
       9 -0 -0
      10 -0 -0
      11 -0 -0
      12 -0 -0
      13 -0 -0
      14 -0 -0
      15 -0 -0
      16 -0 -0
      17 -0 -0
      18 -0 -0
      19 -0 -0
      20 -0 -0
      21 -0 -0
      22 -0 -0
      23 -0 -0
      24 -0 -0
      25 -0 -0
      26 -0 -0
      27 -0 -0
      28 -0 -0
      29 -0 -0
      30 -0 -0
      31 -0 -0
      32 -0 -0
      33 -0 -0
      34 -0 -0
      35 -0 -0
      36 -0 -0
      37 -0 -0


--- Simulation sequence:20 ---
#node_id rate rate_without_head
       0 -0 -0
       1 -0 -0
       2 -0 -0
       3 -0 -0
       4 -0 -0
       5 -0 -0
       6 -0 -0
       7 -0 -0
       8 -0 -0
       9 -0 -0
      10 -0 -0
      11 -0 -0
      12 -0 -0
      13 -0 -0
      14 -0 -0
      15 -0 -0
      16 -0 -0
      17 -0 -0
      18 -0 -0
      19 -0 -0
      20 -0 -0
      21 -0 -0
      22 -0 -0
      23 -0 -0
      24 -0 -0
      25 -0 -0
      26 -0 -0
      27 -0 -0
      28 -0 -0
      29 -0 -0
      30 -0 -0
      31 -0 -0
      32 -0 -0
      33 -0 -0
      34 -0 -0
      35 -0 -0
      36 -0 -0
      37 -0 -0
      38 -0 -0
      39 -0 -0


